7 0.17836084905660377 0.3018092105263158 0.14327830188679247 0.16282894736842107
4 0.33696933962264153 0.2532894736842105 0.21992924528301885 0.22039473684210528
9 0.43543632075471694 0.36883223684210525 0.12558962264150947 0.24095394736842102
2 0.5377358490566038 0.42804276315789475 0.10613207547169812 0.34128289473684215
2 0.3004127358490566 0.5986842105263157 0.18337264150943397 0.12006578947368418
2 0.43484669811320753 0.5513980263157894 0.06544811320754718 0.13569078947368418
4 0.33726415094339623 0.4868421052631579 0.16627358490566035 0.3174342105263158
8 0.5218160377358491 0.7257401315789473 0.08490566037735853 0.22450657894736836
1 0.33814858490566035 0.7245065789473684 0.31898584905660377 0.14638157894736847
9 0.765625 0.3412828947368421 0.22346698113207553 0.14802631578947367
2 0.5678066037735849 0.13939144736842105 0.10731132075471694 0.2754934210526316
2 0.36379716981132076 0.05797697368421053 0.1757075471698113 0.10773026315789473
4 0.8632075471698113 0.6311677631578947 0.16863207547169812 0.22121710526315785
