0 0.326061320754717 0.016858552631578948 0.05896226415094341 0.03207236842105263
2 0.6544811320754718 0.0727796052631579 0.11674528301886788 0.1455592105263158
2 0.7346698113207547 0.1537828947368421 0.11910377358490565 0.13980263157894737
9 0.7296580188679245 0.3071546052631579 0.23290094339622647 0.18338815789473686
9 0.5510023584905661 0.4761513157894737 0.1090801886792453 0.2615131578947369
2 0.6701061320754718 0.8692434210526316 0.1055424528301886 0.2598684210526315
0 0.4495872641509434 0.600328947368421 0.04540094339622641 0.049342105263157854
5 0.4814268867924528 0.6426809210526316 0.05129716981132071 0.0452302631578948
5 0.42659198113207547 0.8610197368421053 0.1362028301886793 0.10197368421052633
2 0.4012382075471698 0.7508223684210527 0.29540094339622647 0.18092105263157898
2 0.41273584905660377 0.9091282894736842 0.25471698113207547 0.17845394736842102
0 0.30837264150943394 0.9189967105263157 0.14386792452830185 0.15871710526315785
0 0.06102594339622641 0.05797697368421053 0.07959905660377359 0.11266447368421052
0 0.019162735849056603 0.05592105263157895 0.038325471698113206 0.10855263157894736
