0 0.32252358490566035 0.02261513157894737 0.142688679245283 0.04358552631578947
0 0.294811320754717 0.22779605263157893 0.35259433962264153 0.32894736842105265
2 0.35347877358490565 0.10526315789473684 0.2694575471698113 0.1743421052631579
2 0.6883844339622641 0.6842105263157895 0.16214622641509435 0.26644736842105265
0 0.7045990566037736 0.8079769736842105 0.17334905660377353 0.14884868421052633
0 0.8434551886792453 0.985608552631579 0.07370283018867929 0.027138157894736836
0 0.8384433962264151 0.899671052631579 0.037735849056603765 0.052631578947368474
0 0.7768278301886793 0.9124177631578947 0.2305424528301886 0.1702302631578948
0 0.5026533018867925 0.9872532894736842 0.056014150943396235 0.023848684210526327
2 0.5165094339622642 0.876233552631579 0.21580188679245282 0.23930921052631582
2 0.3443396226415094 0.890625 0.2606132075471698 0.2138157894736843
2 0.24557783018867924 0.7302631578947368 0.19398584905660377 0.19736842105263164
2 0.20813679245283018 0.5542763157894737 0.09080188679245282 0.22203947368421056
