2 0.8133844339622641 0.8869243421052632 0.15035377358490565 0.21957236842105265
2 0.7199292452830188 0.43050986842105265 0.16981132075471705 0.33305921052631576
2 0.816627358490566 0.703125 0.14268867924528306 0.14473684210526305
2 0.5168042452830188 0.5699013157894737 0.23525943396226418 0.28125
2 0.29127358490566035 0.9132401315789473 0.2158018867924528 0.1685855263157895
2 0.4719929245283019 0.8338815789473684 0.26356132075471694 0.32565789473684215
5 0.5456957547169812 0.8984375 0.11969339622641512 0.19983552631578938
4 0.7237617924528301 0.6669407894736843 0.14681603773584906 0.17763157894736847
0 0.6353183962264151 0.4120065789473684 0.10672169811320753 0.15131578947368418
4 0.6609669811320755 0.1591282894736842 0.12028301886792458 0.2162828947368421
2 0.4543042452830189 0.04975328947368421 0.24705188679245282 0.09786184210526316
2 0.3116155660377359 0.23601973684210528 0.17629716981132076 0.4243421052631579
