0 0.6217570754716981 0.37911184210526316 0.012382075471698117 0.02631578947368418
3 0.41922169811320753 0.07072368421052631 0.2806603773584906 0.13815789473684212
0 0.6695165094339623 0.15460526315789475 0.05365566037735847 0.13651315789473684
2 0.6158608490566038 0.1768092105263158 0.13856132075471694 0.3503289473684211
2 0.4649174528301887 0.15871710526315788 0.1704009433962264 0.22039473684210525
6 0.41391509433962265 0.3856907894736842 0.40801886792452835 0.3305921052631579
2 0.4009433962264151 0.5851151315789473 0.277122641509434 0.18174342105263158
7 0.8434551886792453 0.5135690789473684 0.13030660377358494 0.22944078947368418
0 0.13089622641509435 0.7417763157894737 0.0695754716981132 0.09868421052631571
5 0.22582547169811318 0.7101151315789473 0.22169811320754715 0.24095394736842102
0 0.5297759433962265 0.989720394736842 0.03125 0.01891447368421051
5 0.5816627358490566 0.865953947368421 0.13738207547169812 0.11842105263157898
2 0.40123820754716977 0.9481907894736842 0.30483490566037735 0.10032894736842102
7 0.08077830188679244 0.1015625 0.12971698113207547 0.15707236842105265
