1 0.7892099056603774 0.9761513157894737 0.183372641509434 0.044407894736842035
0 0.5931603773584906 0.966282894736842 0.06839622641509435 0.05592105263157887
0 0.6833726415094339 0.9481907894736842 0.04009433962264153 0.10197368421052633
2 0.5548349056603774 0.9000822368421053 0.0778301886792453 0.08141447368421051
2 0.5713443396226414 0.7549342105263158 0.041273584905660354 0.02960526315789469
2 0.7137382075471698 0.8552631578947368 0.09964622641509435 0.12335526315789469
2 0.6255896226415094 0.8622532894736842 0.089622641509434 0.2672697368421053
2 0.47110849056603776 0.8548519736842105 0.22641509433962265 0.22450657894736836
2 0.43956367924528306 0.9547697368421053 0.09139150943396229 0.08717105263157887
7 0.2626768867924528 0.6430921052631579 0.12794811320754718 0.25
