3 0.7529481132075472 0.06455592105263158 0.12264150943396235 0.1274671052631579
2 0.7096108490566038 0.719983552631579 0.08431603773584906 0.1735197368421052
2 0.6683372641509434 0.9021381578947368 0.14563679245283012 0.1924342105263157
0 0.5964033018867925 0.96875 0.06898584905660377 0.05921052631578938
5 0.6179245283018868 0.6467927631578947 0.19811320754716977 0.19490131578947367
2 0.5739976415094339 0.803453947368421 0.11615566037735847 0.11677631578947367
0 0.49380896226415094 0.7561677631578947 0.10082547169811318 0.1110197368421052
2 0.5206367924528301 0.6221217105263157 0.2028301886792453 0.25246710526315785
3 0.3938679245283019 0.5575657894736842 0.16273584905660377 0.2039473684210526
0 0.5456957547169812 0.19695723684210528 0.18455188679245282 0.2557565789473684
