7 0.8590801886792453 0.26315789473684215 0.10731132075471694 0.12335526315789475
5 0.7520636792452831 0.44449013157894735 0.10790094339622647 0.33634868421052627
2 0.6600825471698113 0.4120065789473685 0.11261792452830188 0.18585526315789475
0 0.6373820754716981 0.5411184210526315 0.17099056603773577 0.16611842105263158
2 0.7376179245283019 0.694078947368421 0.1757075471698113 0.21217105263157898
2 0.6978183962264151 0.9506578947368421 0.04422169811320753 0.09375
3 0.45843160377358494 0.8404605263157895 0.08903301886792453 0.11184210526315796
9 0.4248231132075472 0.731907894736842 0.2494103773584906 0.18256578947368418
2 0.6064268867924528 0.7919407894736843 0.210495283018868 0.32401315789473684
7 0.252063679245283 0.9132401315789473 0.20931603773584903 0.16694078947368418
0 0.2308372641509434 0.4810855263157895 0.26002358490566035 0.26644736842105265
5 0.33696933962264153 0.22779605263157893 0.2093160377358491 0.24177631578947367
2 0.14150943396226415 0.1381578947368421 0.19221698113207547 0.26973684210526316
