2 0.6869103773584906 0.030838815789473683 0.097877358490566 0.061677631578947366
0 0.15536556603773585 0.023026315789473686 0.025353773584905648 0.023026315789473686
0 0.32252358490566035 0.02919407894736842 0.04009433962264147 0.05838815789473684
7 0.5103183962264151 0.11759868421052631 0.1538915094339623 0.1611842105263158
8 0.5224056603773585 0.25370065789473684 0.16863207547169812 0.12417763157894735
6 0.5353773584905661 0.36883223684210525 0.22051886792452835 0.2442434210526316
0 0.2930424528301887 0.5411184210526315 0.15094339622641512 0.11842105263157893
2 0.5607311320754718 0.5879934210526316 0.20754716981132082 0.2861842105263158
5 0.6306014150943395 0.05838815789473684 0.19752358490566035 0.11513157894736843
0 0.3767688679245283 0.9872532894736842 0.04009433962264153 0.023848684210526327
0 0.2668042452830189 0.9827302631578947 0.09021226415094341 0.0296052631578948
0 0.08637971698113207 0.8819901315789473 0.09139150943396226 0.11924342105263164
2 0.7623820754716981 0.875 0.1639150943396226 0.2450657894736843
2 0.6863207547169812 0.23807565789473684 0.08844339622641517 0.25411184210526316
7 0.06780660377358491 0.12582236842105263 0.13443396226415094 0.19572368421052633
