6 0.7107900943396226 0.390625 0.2258254716981133 0.32236842105263164
2 0.5654481132075472 0.4432565789473684 0.11792452830188682 0.22861842105263153
2 0.14445754716981132 0.3404605263157895 0.25707547169811323 0.21217105263157893
0 0.1076061320754717 0.4136513157894737 0.07252358490566037 0.125
7 0.17924528301886794 0.5797697368421053 0.07429245283018868 0.15131578947368418
2 0.27387971698113206 0.8445723684210527 0.13148584905660377 0.1907894736842105
2 0.7665094339622642 0.900904605263158 0.26061320754716977 0.19325657894736847
1 0.6179245283018868 0.860608552631579 0.160377358490566 0.2672697368421052
1 0.423938679245283 0.9551809210526316 0.10023584905660377 0.08305921052631582
0 0.3941627358490566 0.4198190789473685 0.3001179245283019 0.13075657894736842
2 0.7084316037735849 0.12006578947368421 0.16922169811320753 0.23848684210526316
9 0.4419221698113207 0.08018092105263157 0.1503537735849056 0.15707236842105263
2 0.38089622641509435 0.28207236842105265 0.2181603773584906 0.15460526315789475
2 0.5297759433962264 0.25699013157894735 0.09728773584905659 0.2787828947368421
