0 0.6777712264150944 0.02754934210526316 0.13738207547169812 0.05345394736842105
5 0.30542452830188677 0.20024671052631576 0.1804245283018868 0.20312499999999997
1 0.42983490566037735 0.25164473684210525 0.10377358490566035 0.21217105263157895
1 0.4366155660377359 0.561266447368421 0.2800707547169812 0.28042763157894735
2 0.4321933962264151 0.8441611842105263 0.152122641509434 0.31003289473684204
2 0.7818396226415094 0.921875 0.1285377358490566 0.1546052631578947
2 0.633254716981132 0.8947368421052632 0.2582547169811321 0.20888157894736836
2 0.7367334905660377 0.7857730263157895 0.20224056603773588 0.21957236842105265
7 0.7013561320754718 0.5546875 0.13856132075471705 0.18832236842105265
2 0.6833726415094339 0.2886513157894737 0.13915094339622647 0.2368421052631579
2 0.4537146226415094 0.08018092105263158 0.17865566037735853 0.16036184210526316
