7 0.6297169811320755 0.6825657894736842 0.17452830188679236 0.4539473684210526
2 0.5613207547169812 0.47245065789473684 0.24764150943396224 0.20641447368421056
0 0.2847877358490566 0.3227796052631579 0.1332547169811321 0.15213815789473686
2 0.7688679245283019 0.5810032894736843 0.13561320754716988 0.1998355263157895
2 0.3295990566037736 0.8486842105263157 0.1132075471698113 0.24506578947368418
2 0.6686320754716981 0.08018092105263157 0.06957547169811318 0.15542763157894737
3 0.5153301886792453 0.1513157894736842 0.179245283018868 0.25493421052631576
8 0.4719929245283019 0.32648026315789475 0.17983490566037735 0.19243421052631582
8 0.6535966981132075 0.20641447368421054 0.09728773584905659 0.2319078947368421
6 0.7134433962264151 0.3519736842105263 0.25235849056603776 0.1529605263157895
5 0.6005306603773585 0.296875 0.09257075471698117 0.17927631578947367
