0 0.41627358490566035 0.01850328947368421 0.0955188679245283 0.033717105263157895
1 0.3626179245283019 0.8807565789473684 0.16509433962264153 0.21052631578947378
7 0.5852004716981132 0.8310032894736843 0.16686320754716977 0.2376644736842105
2 0.8172169811320755 0.974095394736842 0.1285377358490566 0.05016447368421051
0 0.7753537735849056 0.8322368421052632 0.0742924528301887 0.14967105263157898
8 0.7629716981132075 0.5164473684210527 0.2971698113207547 0.2220394736842105
2 0.796875 0.3223684210526316 0.15153301886792447 0.19736842105263155
1 0.6889740566037736 0.29523026315789475 0.13856132075471705 0.36019736842105265
2 0.6070165094339623 0.22245065789473684 0.18573113207547165 0.2672697368421053
0 0.44369103773584906 0.0703125 0.13974056603773582 0.08963815789473684
2 0.33077830188679247 0.4029605263157895 0.13207547169811323 0.28453947368421045
0 0.22258254716981132 0.3096217105263158 0.07252358490566041 0.1949013157894737
1 0.31043632075471694 0.15460526315789475 0.26120283018867924 0.305921052631579
2 0.3747051886792453 0.1435032894736842 0.21167452830188682 0.10773026315789475
0 0.1665683962264151 0.019736842105263157 0.08431603773584906 0.039473684210526314
7 0.22670990566037735 0.9560032894736843 0.1597877358490566 0.08305921052631582
