1 0.09433962264150943 0.8733552631578947 0.16627358490566038 0.08717105263157887
7 0.03773584905660378 0.7582236842105263 0.07429245283018868 0.14144736842105265
2 0.18425707547169812 0.7462993421052632 0.10790094339622641 0.2327302631578947
8 0.2962853773584906 0.8881578947368421 0.20695754716981132 0.17927631578947367
7 0.3313679245283019 0.5078125 0.10495283018867929 0.22615131578947367
3 0.3761792452830188 0.3363486842105263 0.13325471698113206 0.34046052631578944
5 0.49410377358490565 0.1953125 0.21344339622641506 0.140625
7 0.5451061320754716 0.4872532894736842 0.1314858490566037 0.20970394736842102
5 0.5324292452830188 0.8680098684210527 0.11910377358490559 0.2606907894736842
0 0.6739386792452831 0.8519736842105263 0.23584905660377353 0.29440789473684204
2 0.7393867924528301 0.5884046052631579 0.12264150943396224 0.24259868421052627
1 0.8505306603773586 0.14597039473684212 0.11497641509433965 0.26398026315789475
1 0.7367334905660377 0.2902960526315789 0.10200471698113212 0.38651315789473684
6 0.569870283018868 0.3260690789473684 0.17865566037735847 0.22615131578947367
0 0.6111438679245282 0.657483552631579 0.11379716981132082 0.171875
3 0.6108490566037736 0.13610197368421054 0.17688679245283023 0.2722039473684211
1 0.3440448113207547 0.07113486842105264 0.2116745283018868 0.1356907894736842
