8 0.4342570754716981 0.3754111842105263 0.1362028301886793 0.21792763157894735
1 0.41627358490566035 0.10608552631578948 0.23231132075471694 0.21217105263157895
0 0.5129716981132075 0.046875 0.0919811320754717 0.09375
5 0.5109080188679245 0.23601973684210528 0.129127358490566 0.3223684210526316
0 0.6232311320754718 0.06866776315789473 0.0778301886792453 0.13733552631578946
2 0.6090801886792452 0.34909539473684215 0.1721698113207547 0.29523026315789475
0 0.4018278301886793 0.5263157894736842 0.2435141509433963 0.21052631578947367
2 0.6671580188679245 0.71875 0.137382075471698 0.30098684210526305
3 0.5026533018867925 0.7771381578947368 0.25648584905660377 0.16282894736842102
7 0.6279481132075472 0.9198190789473684 0.08844339622641506 0.13240131578947378
2 0.792747641509434 0.7306743421052632 0.14327830188679247 0.2919407894736843
