2 0.6963443396226415 0.22245065789473684 0.1132075471698113 0.2738486842105263
0 0.5725235849056604 0.4436677631578947 0.04363207547169812 0.05674342105263158
6 0.5784198113207547 0.3067434210526316 0.08254716981132071 0.20723684210526316
8 0.5141509433962264 0.38527960526315785 0.16745283018867924 0.11924342105263158
7 0.5088443396226415 0.48848684210526316 0.16391509433962265 0.19736842105263164
5 0.6518278301886793 0.7265625 0.21992924528301894 0.13733552631578938
2 0.9507665094339623 0.9235197368421053 0.07252358490566035 0.15131578947368418
2 0.7644457547169812 0.9708059210526316 0.09257075471698106 0.056743421052631526
2 0.27476415094339623 0.9629934210526316 0.23349056603773588 0.07236842105263153
2 0.21462264150943394 0.4777960526315789 0.1615566037735849 0.4078947368421052
9 0.42747641509433965 0.3129111842105263 0.18867924528301888 0.21299342105263155
