2 0.6813089622641509 0.036184210526315784 0.12794811320754707 0.07072368421052631
2 0.8068985849056605 0.22820723684210525 0.09728773584905659 0.21134868421052633
4 0.788620283018868 0.6328125 0.13856132075471705 0.234375
7 0.24882075471698112 0.7726151315789473 0.1332547169811321 0.2064144736842105
2 0.6580188679245282 0.6591282894736843 0.1285377358490566 0.11266447368421051
7 0.433372641509434 0.6480263157894737 0.080188679245283 0.1299342105263157
7 0.5100235849056604 0.5970394736842105 0.16863207547169812 0.3108552631578947
6 0.6008254716981132 0.16776315789473684 0.09551886792452835 0.16940789473684212
0 0.3195754716981132 0.16365131578947367 0.14622641509433962 0.1151315789473684
5 0.3319575471698113 0.09210526315789473 0.20872641509433962 0.18421052631578946
