0 0.26120283018867924 0.7845394736842106 0.03183962264150941 0.03453947368421051
2 0.28596698113207547 0.08881578947368421 0.09551886792452832 0.10690789473684209
8 0.2034198113207547 0.505345394736842 0.22523584905660377 0.12088815789473684
2 0.32193396226415094 0.35238486842105265 0.18985849056603774 0.3495065789473684
9 0.42924528301886794 0.3667763157894737 0.08726415094339623 0.1430921052631579
2 0.5365566037735849 0.08388157894736842 0.21698113207547165 0.10690789473684209
0 0.10613207547169812 0.872532894736842 0.11202830188679247 0.1595394736842105
8 0.24439858490566038 0.9136513157894737 0.10436320754716982 0.16940789473684204
7 0.38001179245283023 0.703125 0.09257075471698112 0.1266447368421053
2 0.554245283018868 0.954358552631579 0.14504716981132082 0.08963815789473684
9 0.6188089622641509 0.8601973684210527 0.14327830188679247 0.23848684210526316
2 0.5153301886792453 0.6208881578947368 0.13325471698113206 0.3930921052631579
0 0.6444575471698113 0.516858552631579 0.12382075471698117 0.18009868421052638
2 0.6653891509433962 0.3573190789473684 0.2576650943396226 0.15213815789473684
0 0.8139740566037736 0.27179276315789475 0.08785377358490576 0.15707236842105265
2 0.5816627358490566 0.017269736842105265 0.14563679245283012 0.03289473684210526
0 0.37087264150943394 0.05633223684210527 0.125 0.109375
