2 0.7771226415094339 0.14884868421052633 0.11556603773584906 0.29769736842105265
2 0.6426886792452831 0.0884046052631579 0.1757075471698113 0.14226973684210528
2 0.6656839622641509 0.796875 0.14268867924528306 0.39309210526315796
5 0.7721108490566038 0.912828947368421 0.17275943396226423 0.17269736842105265
7 0.5751768867924528 0.9564144736842105 0.09139150943396235 0.08059210526315796
2 0.5094339622641509 0.8141447368421053 0.24528301886792447 0.3700657894736842
2 0.2013561320754717 0.9745065789473684 0.20106132075471697 0.049342105263157854
5 0.2511792452830189 0.791529605263158 0.16981132075471697 0.25904605263157887
2 0.5763561320754718 0.02919407894736842 0.17865566037735847 0.056743421052631575
7 0.2538325471698113 0.09457236842105263 0.1810141509433962 0.1875
