2 0.8558372641509433 0.729029605263158 0.11615566037735847 0.3560855263157895
2 0.8272405660377359 0.9300986842105263 0.13797169811320753 0.13486842105263164
2 0.7196344339622642 0.8774671052631579 0.09846698113207542 0.24177631578947367
1 0.6132075471698113 0.744654605263158 0.30188679245283023 0.2047697368421052
4 0.5504127358490566 0.8301809210526316 0.22582547169811318 0.18832236842105254
2 0.36379716981132076 0.921875 0.24410377358490568 0.15296052631578938
2 0.5262382075471699 0.6369243421052632 0.21639150943396224 0.09128289473684204
7 0.14976415094339623 0.7055921052631579 0.19929245283018868 0.44572368421052627
2 0.31898584905660377 0.47944078947368424 0.16745283018867926 0.2861842105263158
2 0.4404481132075472 0.18832236842105265 0.11556603773584906 0.11019736842105263
5 0.5403891509433962 0.3334703947368421 0.20813679245283018 0.27878289473684215
8 0.44221698113207547 0.11266447368421052 0.2582547169811321 0.22532894736842105
0 0.13148584905660377 0.01850328947368421 0.06721698113207546 0.033717105263157895
