0 0.6367924528301887 0.04194078947368421 0.16155660377358494 0.08388157894736842
2 0.6922169811320755 0.7273848684210527 0.12146226415094341 0.3560855263157895
3 0.24616745283018868 0.1278782894736842 0.11379716981132076 0.2557565789473684
3 0.4846698113207547 0.11636513157894737 0.1757075471698113 0.23273026315789475
1 0.19339622641509435 0.33758223684210525 0.2181603773584906 0.23273026315789477
5 0.3039504716981132 0.4325657894736842 0.173938679245283 0.2730263157894737
2 0.6087853773584906 0.2635690789473684 0.21285377358490565 0.265625
7 0.11939858490566038 0.5719572368421053 0.13974056603773582 0.2606907894736842
7 0.16686320754716982 0.6805098684210527 0.16981132075471697 0.24753289473684215
7 0.43573113207547176 0.6180098684210527 0.28183962264150947 0.3972039473684211
2 0.18838443396226418 0.9103618421052632 0.1786556603773585 0.17763157894736836
1 0.3440448113207547 0.856907894736842 0.14563679245283018 0.2845394736842105
2 0.4174528301886793 0.944078947368421 0.1933962264150944 0.11019736842105265
0 0.5866745283018868 0.886924342105263 0.11202830188679247 0.22286184210526316
1 0.11438679245283019 0.10032894736842106 0.11202830188679244 0.20065789473684212
