2 0.8071933962264151 0.047697368421052634 0.1721698113207547 0.09539473684210527
2 0.6733490566037736 0.05797697368421052 0.13797169811320764 0.11430921052631579
5 0.5480542452830188 0.0678453947368421 0.10790094339622647 0.13404605263157895
2 0.6126179245283019 0.23355263157894735 0.050707547169811296 0.1299342105263158
2 0.6907429245283019 0.21916118421052633 0.18573113207547176 0.3050986842105263
5 0.6633254716981132 0.5431743421052632 0.14740566037735847 0.3610197368421053
0 0.4961674528301887 0.7652138157894737 0.16568396226415089 0.2393092105263157
8 0.5412735849056604 0.8511513157894737 0.09316037735849053 0.1595394736842105
2 0.4498820754716981 0.9292763157894737 0.15094339622641506 0.13980263157894735
0 0.14504716981132076 0.5419407894736843 0.12146226415094338 0.1529605263157895
2 0.3782429245283019 0.07894736842105263 0.2034198113207547 0.15460526315789475
2 0.38502358490566035 0.22574013157894735 0.10023584905660377 0.09786184210526314
5 0.16774764150943394 0.21504934210526316 0.2281839622641509 0.22779605263157898
0 0.06633254716981132 0.8174342105263157 0.03596698113207547 0.05921052631578949
2 0.37676886792452835 0.07894736842105264 0.19811320754716982 0.1513157894736842
0 0.14357311320754718 0.5419407894736842 0.11497641509433962 0.14802631578947367
0 0.4961674528301887 0.7664473684210527 0.1680424528301887 0.23848684210526316
2 0.44781839622641506 0.9292763157894737 0.15507075471698112 0.13815789473684204
8 0.5412735849056604 0.852796052631579 0.09787735849056606 0.16118421052631582
5 0.6630306603773585 0.5439967105263158 0.147995283018868 0.35937500000000006
4 0.3862028301886793 0.22861842105263158 0.0955188679245283 0.08717105263157895
0 0.741745283018868 0.049342105263157895 0.044811320754717054 0.09375
5 0.5483490566037736 0.06743421052631579 0.10849056603773588 0.13486842105263158
2 0.8260613207547169 0.047697368421052634 0.13325471698113212 0.09046052631578948
2 0.6904481132075472 0.21998355263157893 0.18514150943396235 0.3050986842105263
2 0.6123231132075472 0.23643092105263158 0.045400943396226356 0.1307565789473684
2 0.6698113207547169 0.0703125 0.14386792452830188 0.1373355263157895
5 0.16833726415094338 0.21052631578947367 0.2211084905660377 0.21875
