9 0.7096108490566038 0.2754934210526316 0.12794811320754718 0.15460526315789472
8 0.8643867924528301 0.04194078947368421 0.10849056603773588 0.08388157894736842
2 0.5616155660377358 0.9157072368421053 0.19044811320754718 0.1373355263157895
8 0.6621462264150944 0.8030427631578947 0.16627358490566035 0.13404605263157887
2 0.47110849056603776 0.8301809210526316 0.17570754716981135 0.16365131578947378
7 0.11202830188679246 0.4712171052631579 0.1768867924528302 0.2171052631578948
2 0.37765330188679247 0.505345394736842 0.10672169811320753 0.1998355263157895
2 0.6158608490566038 0.060032894736842105 0.2152122641509434 0.11842105263157895
2 0.35347877358490565 0.04523026315789473 0.23761792452830188 0.08881578947368421
7 0.6624410377358491 0.1763980263157895 0.10790094339622636 0.11266447368421054
0 0.41273584905660377 0.21628289473684212 0.18396226415094347 0.3190789473684211
