2 0.4183372641509434 0.06907894736842105 0.11497641509433965 0.13486842105263158
7 0.6403301886792453 0.10731907894736842 0.10613207547169812 0.16036184210526316
7 0.6441627358490567 0.3026315789473684 0.19044811320754718 0.16776315789473684
2 0.7181603773584906 0.46628289473684215 0.160377358490566 0.3207236842105264
0 0.38266509433962265 0.451891447368421 0.06014150943396224 0.022203947368421073
3 0.4658018867924528 0.592516447368421 0.2806603773584906 0.29194078947368424
5 0.6079009433962264 0.8416940789473684 0.22051886792452835 0.18174342105263153
0 0.602004716981132 0.9473684210526316 0.11674528301886788 0.10361842105263153
0 0.23761792452830188 0.6138980263157895 0.09551886792452832 0.1702302631578947
0 0.5061910377358491 0.17269736842105263 0.04422169811320753 0.06414473684210525
5 0.4360259433962264 0.2808388157894737 0.1409198113207547 0.27549342105263164
