0 0.3909198113207547 0.856907894736842 0.259433962264151 0.2845394736842105
0 0.28390330188679247 0.9786184210526316 0.06544811320754718 0.03453947368421051
2 0.3938679245283019 0.985608552631579 0.09433962264150941 0.025493421052631526
5 0.7267099056603774 0.4555921052631579 0.11969339622641517 0.31907894736842113
5 0.5745872641509434 0.4202302631578947 0.22228773584905653 0.16611842105263158
0 0.41214622641509435 0.17886513157894735 0.04363207547169812 0.06167763157894737
1 0.3310731132075472 0.1751644736842105 0.1444575471698113 0.24671052631578946
7 0.4094929245283019 0.0859375 0.08785377358490565 0.12911184210526316
2 0.16008254716981132 0.6677631578947368 0.0642688679245283 0.11513157894736836
0 0.3119103773584906 0.40213815789473684 0.2959905660377358 0.21217105263157898
2 0.20990566037735847 0.1435032894736842 0.1179245283018868 0.28865131578947373
