2 0.6415094339622642 0.8240131578947368 0.15330188679245282 0.3470394736842106
8 0.8048349056603774 0.23231907894736842 0.17099056603773588 0.140625
2 0.6255896226415094 0.23026315789473684 0.19693396226415094 0.18421052631578946
5 0.4389740566037736 0.09580592105263158 0.1527122641509434 0.19161184210526316
2 0.14121462264150944 0.9724506578947368 0.1267688679245283 0.05180921052631571
7 0.1267688679245283 0.6883223684210527 0.09669811320754716 0.22861842105263164
7 0.323997641509434 0.11800986842105263 0.13974056603773582 0.23273026315789475
2 0.5849056603773585 0.822779605263158 0.133254716981132 0.14555921052631582
2 0.5014740566037736 0.576891447368421 0.11379716981132076 0.1998355263157895
9 0.5291863207547169 0.40995065789473684 0.21049528301886794 0.15378289473684215
