2 0.7783018867924528 0.04481907894736842 0.12735849056603765 0.08963815789473684
2 0.711379716981132 0.5464638157894737 0.09139150943396224 0.21134868421052633
2 0.6727594339622642 0.924342105263158 0.15330188679245282 0.14638157894736847
2 0.4386792452830188 0.9379111842105263 0.21933962264150936 0.11759868421052633
2 0.5339033018867925 0.7771381578947368 0.26827830188679247 0.26644736842105265
4 0.40477594339622647 0.694078947368421 0.24469339622641512 0.13815789473684215
0 0.44663915094339623 0.5197368421052632 0.09964622641509435 0.1891447368421053
2 0.5719339622641509 0.5185032894736842 0.196933962264151 0.3083881578947369
0 0.47906839622641506 0.21833881578947367 0.15624999999999994 0.1455592105263158
9 0.45872641509433965 0.05674342105263158 0.24646226415094336 0.11348684210526316
