2 0.6143867924528301 0.319078947368421 0.2924528301886792 0.1381578947368421
3 0.5928655660377359 0.4551809210526316 0.2329009433962264 0.19161184210526316
0 0.7954009433962264 0.578125 0.17806603773584906 0.2944078947368421
1 0.6656839622641509 0.5493421052631579 0.18042452830188682 0.3667763157894736
2 0.5356721698113207 0.6208881578947368 0.1951650943396227 0.11677631578947367
3 0.6158608490566038 0.8153782894736842 0.11851415094339623 0.2886513157894737
2 0.7320165094339622 0.8943256578947368 0.2305424528301887 0.20970394736842102
2 0.8021816037735849 0.9720394736842105 0.15153301886792458 0.05427631578947367
4 0.4545990566037736 0.9366776315789473 0.24764150943396224 0.125
3 0.23319575471698112 0.9046052631578947 0.27535377358490565 0.1875
0 0.40860849056603776 0.7845394736842105 0.08608490566037735 0.18092105263157898
5 0.25648584905660377 0.8441611842105263 0.11910377358490565 0.27549342105263164
2 0.3284198113207547 0.5731907894736843 0.0625 0.12993421052631582
4 0.18543632075471697 0.5587993421052632 0.21757075471698112 0.27549342105263164
4 0.34375 0.3988486842105263 0.23584905660377356 0.18914473684210525
1 0.30188679245283023 0.2154605263157895 0.16037735849056606 0.1759868421052632
