2 0.7986438679245282 0.8026315789473684 0.18455188679245282 0.23848684210526316
2 0.49086084905660377 0.8638980263157895 0.20577830188679247 0.2574013157894737
2 0.519752358490566 0.592516447368421 0.09846698113207547 0.23437499999999994
2 0.3284198113207547 0.20476973684210525 0.1132075471698113 0.29276315789473684
0 0.46049528301886794 0.3511513157894737 0.10377358490566035 0.17927631578947367
9 0.4106721698113207 0.3626644736842105 0.11379716981132076 0.22368421052631576
2 0.41509433962264153 0.15995065789473684 0.2735849056603774 0.22779605263157895
1 0.5675117924528301 0.10320723684210527 0.16568396226415094 0.20641447368421054
7 0.2550117924528302 0.18338815789473684 0.0819575471698113 0.21052631578947367
0 0.16892688679245282 0.8564967105263157 0.19634433962264153 0.28371710526315785
7 0.14268867924528303 0.6052631578947368 0.1544811320754717 0.20888157894736836
