2 0.5857900943396226 0.022203947368421052 0.13620283018867918 0.042763157894736836
5 0.5462853773584906 0.13898026315789475 0.22582547169811323 0.14638157894736842
2 0.49823113207547165 0.2779605263157895 0.22405660377358488 0.17763157894736842
7 0.5580778301886793 0.4403782894736842 0.13502358490566035 0.17351973684210525
2 0.2668042452830188 0.6319901315789473 0.1704009433962264 0.3955592105263158
0 0.53125 0.9802631578947368 0.03537735849056611 0.03618421052631571
7 0.6680424528301887 0.5834703947368421 0.20047169811320753 0.3034539473684211
2 0.6087853773584906 0.6747532894736842 0.14799528301886788 0.18667763157894735
9 0.4964622641509434 0.7101151315789473 0.15330188679245277 0.171875
4 0.5521816037735849 0.8873355263157895 0.13384433962264147 0.20559210526315796
0 0.6123231132075472 0.985608552631579 0.0819575471698113 0.027138157894736836
0 0.45076650943396224 0.9703947368421053 0.09610849056603771 0.05592105263157887
2 0.1945754716981132 0.924342105263158 0.16155660377358488 0.14967105263157887
