2 0.7977594339622642 0.954358552631579 0.06721698113207542 0.08963815789473684
2 0.6898584905660378 0.9481907894736842 0.1556603773584906 0.10032894736842102
0 0.8183962264150944 0.7742598684210527 0.08962264150943389 0.1439144736842105
1 0.7936320754716981 0.22902960526315788 0.20165094339622636 0.2754934210526316
2 0.5409787735849056 0.9041940789473684 0.16332547169811318 0.18667763157894746
7 0.3251768867924528 0.9617598684210527 0.1232311320754717 0.07483552631578949
2 0.37735849056603776 0.6800986842105263 0.3172169811320755 0.16940789473684204
5 0.5285966981132075 0.5304276315789473 0.17747641509433965 0.17598684210526322
7 0.45784198113207547 0.44901315789473684 0.12323113207547165 0.18092105263157898
5 0.5150353773584906 0.3996710526315789 0.20813679245283018 0.24506578947368418
5 0.06102594339622641 0.6463815789473684 0.11969339622641509 0.2894736842105262
2 0.2956957547169811 0.3495065789473684 0.13974056603773585 0.19243421052631582
0 0.3007075471698113 0.04810855263157895 0.08372641509433959 0.0962171052631579
2 0.6689268867924528 0.05879934210526316 0.2694575471698113 0.11759868421052631
