7 0.328125 0.054276315789473686 0.14563679245283023 0.10526315789473684
0 0.16008254716981132 0.04070723684210526 0.11615566037735849 0.08141447368421052
0 0.5633844339622641 0.013157894736842105 0.07606132075471694 0.023026315789473686
0 0.4613797169811321 0.030427631578947366 0.13148584905660382 0.05756578947368421
9 0.6568396226415094 0.0546875 0.10849056603773588 0.10444078947368421
1 0.5710495283018868 0.11513157894736842 0.11261792452830188 0.14802631578947367
2 0.640625 0.2668585526315789 0.22582547169811318 0.21957236842105263
5 0.5769457547169812 0.40871710526315785 0.13738207547169812 0.24342105263157893
2 0.6880896226415094 0.6089638157894737 0.14268867924528306 0.1981907894736843
2 0.7685731132075472 0.649671052631579 0.05365566037735858 0.10361842105263153
2 0.7797759433962264 0.7454769736842105 0.08549528301886788 0.140625
2 0.6960495283018868 0.8482730263157894 0.13384433962264153 0.28536184210526316
5 0.38089622641509435 0.630345394736842 0.14622641509433965 0.25246710526315785
2 0.4575471698113207 0.8314144736842105 0.24882075471698112 0.3355263157894737
2 0.2337853773584906 0.8433388157894737 0.18808962264150944 0.2886513157894737
