0 0.5734080188679245 0.9905427631578947 0.03478773584905659 0.015625
5 0.45784198113207547 0.8832236842105263 0.183372641509434 0.23190789473684204
1 0.6447523584905661 0.6961348684210527 0.22818396226415094 0.31332236842105265
5 0.535377358490566 0.5164473684210527 0.1733490566037736 0.25
0 0.7367334905660378 0.029605263157894735 0.14327830188679247 0.05592105263157895
1 0.6706957547169812 0.25370065789473684 0.13384433962264153 0.40378289473684215
5 0.5990566037735849 0.24300986842105263 0.07193396226415094 0.2162828947368421
2 0.5860849056603774 0.07524671052631579 0.11556603773584906 0.14884868421052633
7 0.27004716981132076 0.3174342105263158 0.11674528301886791 0.14638157894736842
0 0.23201650943396226 0.06702302631578948 0.16450471698113206 0.12746710526315788
