2 0.35318396226415094 0.0962171052631579 0.11556603773584906 0.1792763157894737
0 0.5253537735849056 0.016858552631578948 0.03183962264150941 0.03207236842105263
6 0.49439858490566035 0.06208881578947368 0.1326650943396226 0.1225328947368421
0 0.7169811320754718 0.020970394736842108 0.06721698113207542 0.04029605263157895
2 0.6975235849056605 0.3511513157894737 0.17924528301886788 0.41940789473684204
0 0.35377358490566035 0.609375 0.11320754716981135 0.21875
5 0.4814268867924528 0.727796052631579 0.14563679245283012 0.19736842105263153
9 0.6709905660377359 0.9198190789473684 0.16155660377358494 0.11266447368421051
0 0.6704009433962264 0.9847861842105263 0.08018867924528295 0.027138157894736836
0 0.09492924528301887 0.025493421052631582 0.037735849056603765 0.044407894736842105
