0 0.23761792452830188 0.9880756578947368 0.08490566037735847 0.020559210526315708
0 0.585495283018868 0.17064144736842105 0.044811320754717054 0.13075657894736842
5 0.5692806603773585 0.4634046052631579 0.16922169811320753 0.16036184210526316
0 0.44575471698113206 0.4786184210526316 0.09669811320754718 0.12993421052631582
2 0.2956957547169812 0.5538651315789473 0.25412735849056606 0.14555921052631582
0 0.12264150943396226 0.7236842105263157 0.12382075471698112 0.16611842105263153
7 0.12883254716981132 0.951891447368421 0.12794811320754718 0.09128289473684215
5 0.247936320754717 0.880345394736842 0.20577830188679247 0.2376644736842105
5 0.7836084905660377 0.2989309210526316 0.22169811320754718 0.25575657894736836
2 0.5843160377358491 0.7763157894736843 0.19811320754716982 0.2911184210526315
2 0.8201650943396226 0.8092105263157895 0.18632075471698106 0.26809210526315796
5 0.7275943396226415 0.6138980263157895 0.21226415094339623 0.1702302631578947
4 0.7099056603773586 0.4860197368421052 0.1721698113207547 0.18092105263157893
0 0.5825471698113207 0.3548519736842105 0.06603773584905659 0.08470394736842107
8 0.6329599056603774 0.11595394736842105 0.1409198113207547 0.22697368421052633
