7 0.7482311320754718 0.774671052631579 0.11438679245283023 0.14802631578947367
2 0.6615566037735849 0.9786184210526316 0.05542452830188682 0.03618421052631582
0 0.36556603773584906 0.9810855263157894 0.05188679245283023 0.03453947368421051
2 0.7850825471698113 0.20723684210526316 0.15860849056603776 0.35526315789473684
2 0.6706957547169812 0.04399671052631579 0.09375 0.08470394736842105
6 0.5952240566037736 0.17763157894736842 0.1090801886792453 0.26480263157894735
2 0.4652122641509434 0.4691611842105263 0.2228773584905661 0.328125
2 0.3803066037735849 0.21710526315789472 0.09080188679245282 0.2319078947368421
7 0.060141509433962265 0.5398848684210527 0.1179245283018868 0.13569078947368418
5 0.27476415094339623 0.40542763157894735 0.1839622641509434 0.22532894736842102
