0 0.7107900943396226 0.06455592105263158 0.052476415094339646 0.12911184210526316
2 0.7558962264150944 0.3548519736842105 0.17334905660377364 0.24753289473684212
8 0.7272995283018868 0.6188322368421053 0.19044811320754718 0.2787828947368421
2 0.8257665094339623 0.8754111842105263 0.11497641509433965 0.24753289473684204
2 0.535377358490566 0.7639802631578947 0.2193396226415094 0.22368421052631582
5 0.35524764150943394 0.9625822368421053 0.21285377358490565 0.07154605263157887
2 0.5259433962264151 0.5049342105263158 0.2783018867924528 0.2384868421052631
5 0.44545990566037735 0.27960526315789475 0.20931603773584906 0.27138157894736836
5 0.4360259433962264 0.06578947368421052 0.18573113207547165 0.13157894736842105
7 0.27329009433962265 0.055098684210526314 0.13266509433962262 0.11019736842105263
