0 0.3611438679245283 0.3799342105263158 0.04068396226415094 0.04440789473684209
0 0.39946933962264153 0.686266447368421 0.09021226415094341 0.09292763157894735
8 0.5076650943396227 0.07894736842105263 0.07547169811320759 0.15789473684210525
0 0.4460495283018868 0.013157894736842105 0.04658018867924524 0.024671052631578948
6 0.22641509433962265 0.6842105263157895 0.089622641509434 0.2582236842105263
2 0.3405070754716981 0.833470394736842 0.22464622641509435 0.21299342105263153
4 0.3449292452830189 0.5986842105263158 0.13089622641509435 0.28618421052631576
3 0.4386792452830188 0.5674342105263157 0.2688679245283018 0.26151315789473684
0 0.8508254716981132 0.5086348684210527 0.017688679245283057 0.046875
3 0.6264740566037736 0.939967105263158 0.13856132075471705 0.11842105263157887
0 0.7597287735849056 0.9806743421052632 0.1291273584905661 0.03700657894736836
2 0.6898584905660377 0.837171052631579 0.13561320754716977 0.14309210526315785
2 0.944870283018868 0.9189967105263157 0.0784198113207547 0.16036184210526316
2 0.6524174528301887 0.5287828947368421 0.11379716981132071 0.16447368421052638
2 0.7951061320754718 0.5579769736842105 0.19280660377358483 0.31825657894736836
0 0.15300707547169812 0.0234375 0.10554245283018866 0.04523026315789473
