1 0.8015919811320755 0.2902960526315789 0.11851415094339612 0.28125
2 0.38178066037735847 0.877467105263158 0.3425707547169812 0.24342105263157887
5 0.6282429245283019 0.719983552631579 0.13030660377358494 0.1751644736842105
0 0.5533608490566038 0.5304276315789473 0.04186320754716988 0.02796052631578949
0 0.28891509433962265 0.6525493421052632 0.27948113207547165 0.303453947368421
0 0.32134433962264153 0.41776315789473684 0.11320754716981135 0.16118421052631582
0 0.4233490566037736 0.03248355263157895 0.07075471698113212 0.0649671052631579
0 0.5607311320754716 0.31496710526315785 0.142688679245283 0.3256578947368421
2 0.5598466981132075 0.1282894736842105 0.26827830188679247 0.15296052631578946
7 0.29274764150943394 0.15049342105263158 0.14091981132075468 0.23355263157894735
