0 0.48201650943396224 0.09909539473684212 0.04186320754716982 0.06825657894736843
2 0.5574882075471698 0.062088815789473686 0.24941037735849053 0.12417763157894737
2 0.4964622641509434 0.7282072368421053 0.34080188679245277 0.34786184210526316
2 0.8169221698113207 0.6554276315789473 0.1597877358490566 0.22861842105263164
0 0.8434551886792452 0.9736842105263157 0.0784198113207547 0.050986842105263164
2 0.7013561320754718 0.28125 0.2340801886792453 0.28125
8 0.48909198113207547 0.234375 0.23997641509433965 0.24342105263157898
2 0.8295990566037736 0.4268092105263158 0.12382075471698106 0.22697368421052633
3 0.6656839622641509 0.47450657894736836 0.16273584905660377 0.13322368421052627
2 0.31987028301886794 0.3046875 0.16922169811320756 0.2310855263157895
0 0.2954009433962264 0.4888980263157895 0.13797169811320753 0.13240131578947367
7 0.11556603773584906 0.49629934210526316 0.22995283018867924 0.22779605263157898
7 0.20548349056603774 0.23889802631578946 0.09846698113207547 0.09128289473684209
