2 0.7676886792452831 0.2890625 0.1757075471698113 0.1751644736842105
1 0.7408608490566038 0.436266447368421 0.2152122641509434 0.26891447368421056
2 0.5972877358490566 0.33100328947368424 0.15094339622641506 0.3544407894736842
2 0.44280660377358494 0.594983552631579 0.0919811320754717 0.18009868421052633
2 0.7308372641509434 0.7944078947368421 0.15035377358490565 0.15625
2 0.6140919811320755 0.805921052631579 0.14799528301886788 0.17598684210526316
3 0.7735849056603774 0.923108552631579 0.14268867924528295 0.15213815789473684
7 0.30689858490566035 0.7726151315789473 0.2600235849056604 0.3231907894736842
0 0.01474056603773585 0.4510690789473685 0.0294811320754717 0.14720394736842107
0 0.2620872641509434 0.1373355263157895 0.038325471698113206 0.07894736842105263
4 0.49262971698113206 0.04276315789473684 0.13620283018867918 0.08388157894736843
