7 0.33048349056603776 0.09210526315789473 0.14563679245283018 0.18421052631578946
0 0.4655070754716981 0.026726973684210526 0.05719339622641506 0.05345394736842105
0 0.6642099056603774 0.3207236842105263 0.08077830188679236 0.10526315789473684
2 0.7054834905660377 0.40542763157894735 0.17275943396226412 0.26480263157894735
2 0.5574882075471699 0.5374177631578948 0.20224056603773588 0.11595394736842107
2 0.46727594339622647 0.6110197368421053 0.076061320754717 0.16940789473684215
2 0.3915094339622641 0.5275493421052632 0.11438679245283018 0.3396381578947368
0 0.22729952830188677 0.640625 0.10554245283018868 0.12171052631578938
0 0.1509433962264151 0.9329769736842105 0.1096698113207547 0.11101973684210531
0 0.15035377358490568 0.9827302631578947 0.09080188679245284 0.0328947368421052
