6 0.6907429245283019 0.16981907894736845 0.2576650943396226 0.3379934210526316
2 0.7691627358490566 0.2985197368421053 0.19988207547169812 0.09539473684210525
2 0.5153301886792453 0.0756578947368421 0.08018867924528306 0.1513157894736842
0 0.5200471698113208 0.22245065789473684 0.15683962264150947 0.20805921052631582
2 0.4215801886792453 0.266858552631579 0.08372641509433965 0.11266447368421056
5 0.2172759433962264 0.48067434210526316 0.15389150943396224 0.2837171052631579
0 0.37942216981132076 0.5641447368421053 0.16568396226415094 0.3075657894736842
0 0.2152122641509434 0.4403782894736842 0.27122641509433965 0.3840460526315789
0 0.4675707547169812 0.6636513157894737 0.08136792452830194 0.1578947368421053
0 0.6311910377358491 0.7047697368421053 0.07488207547169812 0.1907894736842105
0 0.09080188679245284 0.7438322368421053 0.1320754716981132 0.140625
0 0.44310141509433965 0.8745888157894737 0.17511792452830188 0.24753289473684204
2 0.633254716981132 0.9058388157894737 0.18514150943396224 0.18667763157894735
2 0.7986438679245282 0.43667763157894735 0.15742924528301894 0.22203947368421056
5 0.265625 0.17393092105263158 0.15742924528301885 0.25246710526315785
