0 0.75 0.7384868421052632 0.11910377358490565 0.34375
2 0.6291273584905661 0.5953947368421053 0.11674528301886788 0.3174342105263158
0 0.6863207547169812 0.7154605263157895 0.06014150943396224 0.21875
0 0.7272995283018868 0.9300986842105263 0.12205188679245282 0.13651315789473684
8 0.3794221698113207 0.6924342105263157 0.2045990566037736 0.12171052631578949
0 0.6618514150943396 0.9835526315789473 0.06780660377358494 0.02960526315789469
0 0.408313679245283 0.8910361842105263 0.07134433962264153 0.09950657894736836
0 0.27594339622641506 0.8675986842105263 0.1391509433962264 0.26151315789473684
2 0.25265330188679247 0.5082236842105263 0.08667452830188677 0.27960526315789475
2 0.5651533018867925 0.2269736842105263 0.12205188679245282 0.2631578947368421
2 0.20577830188679244 0.2232730263157895 0.30778301886792453 0.1916118421052632
