2 0.2647405660377358 0.06743421052631579 0.27476415094339623 0.13322368421052633
8 0.5117924528301887 0.15995065789473686 0.1485849056603774 0.3182565789473684
8 0.5630896226415094 0.4543585526315789 0.089622641509434 0.2672697368421052
0 0.8263561320754718 0.5653782894736842 0.15507075471698106 0.24424342105263158
1 0.6845518867924529 0.5657894736842105 0.15330188679245282 0.22861842105263158
2 0.7019457547169812 0.7376644736842105 0.13030660377358483 0.274671052631579
3 0.8189858490566038 0.8770559210526316 0.11084905660377364 0.24259868421052622
0 0.6397405660377358 0.9564144736842105 0.09198113207547165 0.08552631578947367
2 0.5182783018867925 0.7425986842105263 0.24292452830188682 0.16940789473684204
2 0.47553066037735847 0.9029605263157895 0.18219339622641506 0.1891447368421053
2 0.3475825471698113 0.890625 0.173938679245283 0.2138157894736843
2 0.24115566037735847 0.6175986842105263 0.13797169811320753 0.1546052631578947
0 0.023879716981132077 0.38445723684210525 0.04658018867924529 0.18338815789473684
5 0.5356721698113207 0.08018092105263158 0.11379716981132082 0.16036184210526316
0 0.4342570754716981 0.368421052631579 0.1798349056603774 0.2023026315789474
