2 0.7252358490566038 0.08675986842105263 0.048349056603773644 0.078125
0 0.5996462264150944 0.3199013157894737 0.09787735849056611 0.10526315789473684
5 0.44545990566037735 0.32648026315789475 0.17275943396226412 0.19243421052631582
5 0.6226415094339623 0.15830592105263155 0.15448113207547165 0.2870065789473684
4 0.5023584905660378 0.13692434210526316 0.22405660377358494 0.2080592105263158
0 0.13826650943396226 0.6636513157894737 0.11143867924528301 0.1858552631578947
1 0.45076650943396224 0.666529605263158 0.13620283018867924 0.2064144736842105
2 0.5144457547169812 0.4827302631578947 0.13502358490566035 0.4243421052631579
5 0.7753537735849056 0.868421052631579 0.1403301886792453 0.256578947368421
5 0.6618514150943396 0.6208881578947368 0.09492924528301883 0.2944078947368421
2 0.8086674528301887 0.44366776315789475 0.12794811320754718 0.2870065789473685
7 0.8139740566037736 0.19284539473684212 0.1680424528301886 0.2837171052631579
