2 0.7485259433962264 0.13651315789473684 0.15507075471698106 0.26973684210526316
0 0.32547169811320753 0.26315789473684215 0.023584905660377353 0.06907894736842107
2 0.2974646226415094 0.6591282894736842 0.07959905660377359 0.259046052631579
2 0.2800707547169812 0.8532072368421053 0.28891509433962265 0.2047697368421052
1 0.28979952830188677 0.965049342105263 0.11497641509433962 0.06661184210526316
2 0.47847877358490565 0.8075657894736843 0.111438679245283 0.2549342105263158
0 0.5554245283018868 0.8980263157894737 0.13089622641509435 0.20230263157894735
2 0.6568396226415094 0.941611842105263 0.1875 0.11348684210526316
5 0.8313679245283019 0.860608552631579 0.1603773584905661 0.21463815789473684
2 0.6199882075471699 0.765625 0.18455188679245282 0.22697368421052633
2 0.6211674528301887 0.5711348684210527 0.15742924528301883 0.2360197368421053
0 0.4375 0.5057565789473684 0.12264150943396224 0.18914473684210525
1 0.408313679245283 0.412828947368421 0.254127358490566 0.2055921052631579
0 0.27476415094339623 0.280016447368421 0.06721698113207544 0.10773026315789475
0 0.046875 0.705592105263158 0.09139150943396226 0.16776315789473684
