2 0.9433962264150944 0.9189967105263158 0.07311320754716988 0.15707236842105265
0 0.7694575471698113 0.6891447368421053 0.12735849056603776 0.14309210526315785
0 0.875 0.8223684210526316 0.061320754716981174 0.12006578947368418
2 0.8104363207547169 0.837171052631579 0.1090801886792453 0.29276315789473684
7 0.597877358490566 0.8129111842105263 0.26297169811320753 0.22615131578947367
2 0.46167452830188677 0.9494243421052632 0.24174528301886788 0.09621710526315796
2 0.3125 0.7261513157894737 0.14622641509433965 0.16447368421052633
3 0.3160377358490566 0.4292763157894737 0.1497641509433962 0.45065789473684204
7 0.6223466981132075 0.27179276315789475 0.15742924528301883 0.19654605263157898
2 0.6229363207547169 0.13733552631578946 0.183372641509434 0.20723684210526316
6 0.2756485849056604 0.08511513157894737 0.08785377358490568 0.17023026315789475
0 0.1353183962264151 0.15748355263157893 0.15860849056603774 0.19490131578947367
7 0.12205188679245282 0.04810855263157895 0.1214622641509434 0.09457236842105264
