5 0.8431603773584906 0.7816611842105263 0.1556603773584906 0.259046052631579
0 0.8027712264150944 0.9724506578947368 0.11497641509433965 0.05345394736842102
0 0.5722287735849056 0.9814967105263158 0.10082547169811318 0.032072368421052655
1 0.7099056603773586 0.8199013157894737 0.14740566037735847 0.20723684210526316
7 0.882370283018868 0.5098684210526315 0.066627358490566 0.1414473684210526
2 0.6851415094339623 0.21340460526315788 0.3042452830188679 0.19325657894736842
2 0.7547169811320755 0.438733552631579 0.19575471698113212 0.3675986842105264
2 0.6594929245283019 0.501233552631579 0.14563679245283012 0.20148026315789475
0 0.47582547169811323 0.49917763157894735 0.18278301886792458 0.18256578947368424
1 0.2803655660377359 0.251233552631579 0.09139150943396229 0.30016447368421056
