1 0.5504127358490566 0.03042763157894737 0.1444575471698113 0.05921052631578947
0 0.3393278301886793 0.5448190789473685 0.0642688679245283 0.10115131578947373
2 0.3163325471698113 0.04851973684210526 0.21521226415094338 0.09210526315789473
5 0.18278301886792453 0.25082236842105265 0.1721698113207547 0.2845394736842105
2 0.332252358490566 0.12212171052631579 0.10082547169811323 0.21299342105263158
0 0.448997641509434 0.24424342105263158 0.1503537735849057 0.2861842105263158
5 0.5103183962264151 0.678453947368421 0.2045990566037736 0.26973684210526316
2 0.5604363207547169 0.5908717105263157 0.11261792452830188 0.15871710526315785
2 0.597877358490566 0.8898026315789473 0.21816037735849053 0.12006578947368418
2 0.6482900943396226 0.9666940789473684 0.22110849056603776 0.06332236842105254
2 0.36880896226415094 0.9469572368421053 0.1527122641509434 0.10279605263157887
