0 0.59375 0.07771381578947369 0.24292452830188682 0.15213815789473686
0 0.32163915094339623 0.15953947368421054 0.09375 0.09703947368421052
2 0.25825471698113206 0.3536184210526316 0.32547169811320753 0.3108552631578948
0 0.04540094339622641 0.4942434210526315 0.09080188679245282 0.18092105263157893
0 0.4221698113207547 0.6595394736842106 0.08136792452830188 0.11348684210526316
2 0.4324882075471698 0.7417763157894737 0.22110849056603776 0.14144736842105265
2 0.4336674528301887 0.8495065789473685 0.09610849056603771 0.125
2 0.5268278301886793 0.9189967105263157 0.24469339622641512 0.16036184210526316
5 0.7205188679245282 0.9346217105263158 0.08254716981132082 0.12582236842105265
8 0.5598466981132075 0.7845394736842105 0.1538915094339623 0.16940789473684204
2 0.6748231132075472 0.7458881578947368 0.07370283018867929 0.3092105263157894
7 0.7550117924528301 0.7639802631578947 0.120872641509434 0.22368421052631582
2 0.5294811320754716 0.6023848684210527 0.142688679245283 0.3297697368421053
0 0.6120283018867925 0.6056743421052632 0.11084905660377364 0.22944078947368424
4 0.6370872641509434 0.2574013157894737 0.24469339622641506 0.1430921052631579
