0 0.7048938679245282 0.5785361842105263 0.048938679245282946 0.046875
0 0.7010613207547169 0.9942434210526316 0.050707547169811296 0.009868421052631526
2 0.6565448113207547 0.8634868421052632 0.30247641509433953 0.25
0 0.7034198113207547 0.7261513157894737 0.07311320754716988 0.07730263157894735
2 0.6913325471698113 0.7882401315789473 0.18926886792452835 0.19819078947368418
9 0.8142688679245282 0.7092927631578947 0.09551886792452835 0.2360197368421052
4 0.7785966981132075 0.16282894736842107 0.15625 0.28125
2 0.5274174528301887 0.5900493421052632 0.19752358490566035 0.2985197368421053
7 0.314563679245283 0.768092105263158 0.14327830188679244 0.20723684210526316
2 0.23054245283018868 0.5522203947368421 0.18042452830188677 0.3100328947368421
5 0.35495283018867924 0.2730263157894737 0.222877358490566 0.1611842105263158
2 0.46462264150943394 0.12911184210526316 0.15330188679245282 0.2582236842105263
