2 0.6627358490566038 0.44942434210526316 0.10849056603773577 0.4416118421052631
2 0.523879716981132 0.5152138157894737 0.0784198113207547 0.20641447368421056
5 0.5887382075471699 0.5645559210526316 0.12323113207547165 0.28536184210526316
2 0.7331957547169812 0.7298519736842105 0.17275943396226412 0.2985197368421053
2 0.5238797169811321 0.8811677631578947 0.11969339622641512 0.2360197368421052
2 0.37234669811320753 0.9148848684210527 0.09139150943396229 0.16529605263157898
0 0.3443396226415094 0.6451480263157895 0.17924528301886794 0.2672697368421053
2 0.5964033018867925 0.23889802631578946 0.1255896226415094 0.2195723684210526
0 0.5571933962264151 0.08305921052631579 0.09080188679245282 0.16282894736842107
5 0.37706367924528306 0.14925986842105263 0.22700471698113206 0.19161184210526316
