2 0.7883254716981132 0.15501644736842105 0.18514150943396224 0.3067434210526316
0 0.6518278301886793 0.014802631578947368 0.066627358490566 0.029605263157894735
0 0.47553066037735847 0.0703125 0.06780660377358488 0.05509868421052632
7 0.3867924528301887 0.10115131578947369 0.13443396226415094 0.20230263157894737
0 0.24292452830188677 0.19572368421052633 0.06839622641509432 0.26151315789473684
2 0.4548938679245283 0.3902138157894737 0.19044811320754718 0.22779605263157893
0 0.5088443396226415 0.23396381578947367 0.05542452830188682 0.14226973684210528
2 0.5129716981132075 0.6648848684210527 0.21580188679245288 0.13569078947368418
0 0.32252358490566035 0.8285361842105263 0.18396226415094338 0.303453947368421
0 0.5474646226415094 0.986842105263158 0.05483490566037741 0.02467105263157887
2 0.9433962264150944 0.9210526315789473 0.0742924528301887 0.15625
2 0.710495283018868 0.5160361842105263 0.09669811320754718 0.37582236842105265
2 0.6420990566037736 0.43503289473684215 0.08490566037735847 0.24013157894736842
3 0.5843160377358491 0.2528782894736842 0.14268867924528306 0.43009868421052627
