2 0.7954009433962265 0.9325657894736842 0.125 0.13322368421052633
0 0.3251768867924528 0.8573190789473684 0.04068396226415094 0.06496710526315785
3 0.4183372641509434 0.9379111842105263 0.111438679245283 0.12253289473684204
0 0.3405070754716981 0.953125 0.1232311320754717 0.09210526315789469
2 0.20577830188679244 0.9510690789473684 0.19811320754716982 0.09457236842105254
3 0.5333136792452831 0.686266447368421 0.2777122641509434 0.3560855263157895
2 0.45902122641509435 0.8133223684210527 0.10082547169811318 0.2154605263157895
2 0.27358490566037735 0.7179276315789473 0.17334905660377362 0.22532894736842102
7 0.0778301886792453 0.817845394736842 0.14386792452830188 0.2310855263157895
7 0.5955188679245282 0.5304276315789473 0.10259433962264153 0.28947368421052627
2 0.4442806603773585 0.4280427631578947 0.20224056603773588 0.15049342105263158
7 0.5389150943396226 0.29070723684210525 0.22051886792452835 0.2113486842105263
1 0.5940448113207547 0.13733552631578946 0.13502358490566047 0.2713815789473684
6 0.44899764150943394 0.04523026315789474 0.09021226415094341 0.09046052631578948
0 0.21639150943396226 0.0234375 0.2724056603773585 0.04523026315789473
