0 0.4852594339622641 0.24383223684210525 0.050707547169811296 0.13898026315789477
2 0.5969929245283019 0.1998355263157895 0.23761792452830188 0.17598684210526316
2 0.5698702830188679 0.3145559210526316 0.16804245283018865 0.18667763157894737
2 0.5678066037735849 0.399671052631579 0.18396226415094336 0.1710526315789474
4 0.6715801886792452 0.5148026315789473 0.1285377358490566 0.2779605263157895
2 0.7617924528301887 0.5912828947368421 0.1485849056603774 0.4144736842105264
2 0.5566037735849056 0.786595394736842 0.13915094339622636 0.3873355263157895
3 0.7337853773584906 0.9124177631578947 0.14563679245283012 0.171875
0 0.5439268867924528 0.9827302631578947 0.05837264150943389 0.0328947368421052
2 0.30247641509433965 0.8889802631578947 0.18867924528301888 0.21875
2 0.1877948113207547 0.3959703947368421 0.20577830188679247 0.203125
2 0.515625 0.0834703947368421 0.18219339622641506 0.1669407894736842
