0 0.5047169811320755 0.0078125 0.05778301886792453 0.015625
0 0.40064858490566035 0.9814967105263157 0.07134433962264147 0.035361842105263164
2 0.20106132075471697 0.2804276315789474 0.267688679245283 0.15953947368421054
0 0.24675707547169812 0.04769736842105263 0.043042452830188704 0.05263157894736842
0 0.1960495283018868 0.3248355263157895 0.06191037735849059 0.03947368421052633
2 0.13502358490566038 0.4046052631578947 0.18514150943396226 0.19572368421052627
6 0.31869103773584906 0.3737664473684211 0.12676886792452835 0.22286184210526316
0 0.23673349056603774 0.36019736842105265 0.060731132075471705 0.10526315789473684
2 0.2606132075471698 0.6389802631578947 0.29009433962264153 0.26315789473684215
2 0.6429834905660377 0.8597861842105263 0.12323113207547165 0.27713815789473684
2 0.6117334905660377 0.0912828947368421 0.2152122641509434 0.1825657894736842
2 0.5790094339622641 0.8861019736842105 0.08136792452830188 0.22450657894736836
2 0.6883844339622641 0.7952302631578947 0.07370283018867929 0.1595394736842105
4 0.8393278301886793 0.8988486842105263 0.1597877358490566 0.20065789473684204
7 0.4861438679245283 0.7775493421052632 0.16096698113207542 0.1669407894736843
7 0.6323702830188679 0.5431743421052632 0.13148584905660377 0.13898026315789475
6 0.6842570754716981 0.14925986842105263 0.22582547169811318 0.26069078947368424
0 0.14327830188679247 0.11101973684210525 0.1509433962264151 0.22039473684210525
