0 0.33048349056603776 0.04194078947368421 0.09610849056603771 0.08223684210526316
1 0.33873820754716977 0.3935032894736842 0.13620283018867924 0.21792763157894735
2 0.2099056603773585 0.8922697368421053 0.08608490566037735 0.21381578947368418
7 0.2844929245283019 0.7680921052631579 0.12676886792452832 0.19572368421052633
0 0.18278301886792453 0.6443256578947368 0.13443396226415094 0.19983552631578938
2 0.28655660377358494 0.636924342105263 0.12971698113207547 0.16036184210526316
3 0.4142099056603774 0.7138157894736842 0.1810141509433963 0.2828947368421053
7 0.2850825471698113 0.5254934210526315 0.07488207547169809 0.10361842105263158
1 0.7924528301886793 0.9226973684210527 0.2382075471698114 0.15131578947368418
8 0.8287146226415094 0.30715460526315785 0.1527122641509434 0.26726973684210525
7 0.7060731132075472 0.29317434210526316 0.22110849056603765 0.21463815789473684
2 0.6111438679245282 0.16241776315789475 0.27181603773584906 0.28536184210526316
2 0.3422759433962264 0.1640625 0.2340801886792453 0.19819078947368418
2 0.5374410377358491 0.10978618421052631 0.14091981132075476 0.21628289473684212
0 0.04304245283018868 0.11430921052631578 0.08608490566037735 0.2236842105263158
