3 0.2971698113207547 0.8828125 0.20047169811320753 0.23108552631578938
2 0.18160377358490565 0.623766447368421 0.13679245283018868 0.2623355263157895
3 0.09492924528301887 0.125 0.15801886792452832 0.18585526315789475
5 0.5742924528301887 0.32894736842105265 0.20283018867924524 0.1825657894736842
0 0.09846698113207547 0.32442434210526316 0.17806603773584906 0.2245065789473684
2 0.2261202830188679 0.3330592105263158 0.08903301886792453 0.2911184210526316
0 0.29893867924528306 0.390625 0.0955188679245283 0.17927631578947367
0 0.7777122641509434 0.017269736842105265 0.08608490566037741 0.03289473684210526
2 0.6303066037735849 0.9025493421052632 0.20636792452830188 0.16858552631578938
5 0.4758254716981132 0.5127467105263158 0.1450471698113207 0.1850328947368421
5 0.5993514150943396 0.5213815789473684 0.12676886792452824 0.17598684210526316
3 0.7856721698113207 0.4720394736842105 0.26356132075471705 0.18092105263157893
2 0.7676886792452831 0.618421052631579 0.18514150943396224 0.26809210526315785
2 0.6774764150943396 0.6661184210526316 0.09905660377358494 0.24342105263157887
5 0.4855542452830188 0.928453947368421 0.22346698113207547 0.14144736842105265
0 0.3195754716981132 0.011101973684210526 0.03537735849056606 0.023848684210526314
