2 0.6981132075471699 0.16611842105263158 0.1945754716981133 0.22532894736842105
0 0.33461084905660377 0.019325657894736843 0.05719339622641506 0.038651315789473686
2 0.3452240566037736 0.24465460526315788 0.17511792452830188 0.3067434210526316
5 0.5430424528301887 0.22080592105263158 0.12971698113207553 0.19161184210526316
2 0.6597877358490566 0.3717105263157895 0.15448113207547176 0.24342105263157893
0 0.5545400943396226 0.3638980263157895 0.16450471698113212 0.1537828947368421
2 0.1665683962264151 0.6435032894736842 0.16568396226415094 0.24259868421052633
2 0.6291273584905661 0.614720394736842 0.22169811320754718 0.3248355263157895
5 0.26827830188679247 0.8885690789473684 0.13325471698113206 0.21792763157894746
0 0.38797169811320753 0.9185855263157895 0.11792452830188677 0.1578947368421053
4 0.5023584905660378 0.8285361842105263 0.19221698113207553 0.2360197368421053
2 0.6630306603773586 0.9276315789473684 0.27181603773584906 0.14144736842105254
4 0.8496462264150944 0.8548519736842106 0.14622641509433965 0.28536184210526316
2 0.8004127358490567 0.6755756578947368 0.17747641509433965 0.2014802631578947
0 0.7623820754716981 0.36800986842105265 0.1214622641509433 0.11924342105263158
0 0.0660377358490566 0.04070723684210526 0.09905660377358491 0.07976973684210527
