7 0.7526533018867925 0.07935855263157894 0.1987028301886793 0.15707236842105263
3 0.6798349056603774 0.2582236842105263 0.27476415094339623 0.20394736842105265
2 0.8175117924528302 0.37870065789473684 0.16214622641509435 0.2376644736842105
0 0.7847877358490566 0.96875 0.06957547169811318 0.05921052631578938
2 0.8475825471698113 0.947779605263158 0.06780660377358494 0.10279605263157887
2 0.5418632075471699 0.8174342105263158 0.2653301886792453 0.29769736842105265
5 0.46668632075471694 0.9173519736842106 0.16922169811320747 0.16036184210526316
5 0.27211084905660377 0.90625 0.20577830188679244 0.1858552631578947
8 0.5176886792452831 0.7002467105263158 0.13561320754716977 0.1422697368421053
2 0.589622641509434 0.5213815789473684 0.16981132075471694 0.23190789473684215
2 0.32045990566037735 0.4058388157894737 0.06780660377358494 0.16036184210526316
1 0.2535377358490566 0.44325657894736836 0.1132075471698113 0.35197368421052627
2 0.4301297169811321 0.24465460526315788 0.09492924528301888 0.2902960526315789
2 0.5129716981132075 0.15625 0.10259433962264158 0.22039473684210528
2 0.5480542452830188 0.046052631578947366 0.20695754716981124 0.09210526315789473
