7 0.8166273584905661 0.35320723684210525 0.11556603773584906 0.19490131578947367
2 0.7806603773584906 0.5645559210526316 0.1992924528301887 0.22286184210526316
0 0.6450471698113207 0.8433388157894737 0.08254716981132082 0.08470394736842102
1 0.7099056603773585 0.9296875 0.21344339622641506 0.13733552631578938
2 0.9419221698113207 0.9181743421052632 0.07606132075471705 0.15378289473684204
5 0.5188679245283019 0.03330592105263158 0.25 0.06661184210526316
1 0.49557783018867924 0.390625 0.20931603773584906 0.3799342105263157
2 0.48260613207547165 0.8643092105263158 0.18101415094339618 0.26644736842105265
5 0.27859669811320753 0.8873355263157894 0.1303066037735849 0.18256578947368418
5 0.37057783018867924 0.611842105263158 0.11615566037735847 0.2154605263157895
5 0.4186320754716981 0.7619243421052632 0.17099056603773582 0.2574013157894737
2 0.29304245283018865 0.24013157894736842 0.13089622641509432 0.4078947368421053
7 0.0625 0.06661184210526315 0.09669811320754718 0.13157894736842105
