0 0.3977004716981132 0.49300986842105265 0.18808962264150947 0.3100328947368421
1 0.6329599056603774 0.13898026315789475 0.20106132075471705 0.2779605263157895
1 0.5082547169811321 0.2878289473684211 0.17570754716981135 0.3470394736842105
7 0.386497641509434 0.14226973684210525 0.11497641509433959 0.14144736842105265
2 0.2382075471698113 0.19407894736842105 0.19929245283018868 0.2598684210526316
7 0.15241745283018868 0.5086348684210527 0.10790094339622641 0.13898026315789475
2 0.23997641509433962 0.3955592105263158 0.17924528301886794 0.2697368421052631
0 0.33962264150943394 0.6751644736842106 0.2122641509433962 0.2467105263157895
6 0.727004716981132 0.5024671052631579 0.11556603773584906 0.24342105263157893
2 0.2727004716981132 0.5620888157894737 0.060731132075471705 0.08963815789473684
7 0.49321933962264153 0.6907894736842106 0.1267688679245283 0.1907894736842105
5 0.5327240566037735 0.7820723684210527 0.13738207547169806 0.32401315789473684
2 0.14327830188679244 0.9490131578947368 0.12499999999999999 0.09868421052631571
0 0.8514150943396226 0.9712171052631579 0.11084905660377353 0.05427631578947367
2 0.7004716981132075 0.799342105263158 0.13561320754716988 0.35526315789473684
8 0.4873231132075472 0.07648026315789473 0.07606132075471694 0.15296052631578946
