0 0.5595518867924528 0.4370888157894737 0.06014150943396235 0.109375
0 0.6317806603773585 0.3852796052631579 0.05719339622641506 0.07483552631578949
3 0.6037735849056605 0.4819078947368421 0.07900943396226412 0.2598684210526315
0 0.20754716981132076 0.46957236842105265 0.042452830188679264 0.08717105263157898
5 0.41538915094339623 0.3671875 0.1090801886792453 0.18338815789473684
5 0.4964622641509434 0.5 0.04245283018867929 0.07565789473684209
8 0.4855542452830188 0.3988486842105263 0.1939858490566037 0.33388157894736836
2 0.5713443396226415 0.7635690789473684 0.2299528301886793 0.3495065789473685
2 0.4920400943396226 0.899671052631579 0.18101415094339618 0.19572368421052633
2 0.3788325471698113 0.6903782894736842 0.2128537735849057 0.365953947368421
2 0.22818396226415094 0.5464638157894737 0.20518867924528303 0.13240131578947367
2 0.3888561320754717 0.12582236842105263 0.26002358490566035 0.25328947368421056
2 0.6161556603773586 0.17927631578947367 0.1721698113207547 0.20230263157894735
2 0.7290683962264151 0.037006578947368425 0.10672169811320753 0.07072368421052631
2 0.7040094339622642 0.7750822368421053 0.13325471698113212 0.25082236842105254
