6 0.7396816037735849 0.09539473684210527 0.16922169811320753 0.1611842105263158
0 0.8369693396226414 0.5086348684210527 0.1527122641509434 0.21134868421052633
5 0.6736438679245282 0.3519736842105263 0.20931603773584906 0.23355263157894737
0 0.5978773584905661 0.2981085526315789 0.08254716981132082 0.10608552631578946
0 0.45165094339622636 0.626233552631579 0.17452830188679241 0.2870065789473684
0 0.5775353773584906 0.8766447368421053 0.09964622641509435 0.1595394736842105
7 0.44310141509433965 0.790296052631579 0.15742924528301888 0.20723684210526316
7 0.3160377358490566 0.6961348684210527 0.13561320754716982 0.18667763157894735
2 0.19221698113207547 0.8145559210526316 0.16981132075471694 0.14720394736842113
2 0.22818396226415094 0.5423519736842105 0.11910377358490565 0.41694078947368424
4 0.3741155660377359 0.2545230263157895 0.17629716981132076 0.2606907894736842
0 0.5672169811320755 0.022615131578947366 0.11792452830188671 0.04194078947368421
