2 0.6202830188679245 0.493421052631579 0.13089622641509424 0.10690789473684209
0 0.7564858490566038 0.4523026315789474 0.22405660377358494 0.12171052631578949
2 0.14327830188679247 0.05633223684210526 0.060141509433962265 0.11266447368421052
2 0.1441627358490566 0.28536184210526316 0.18691037735849056 0.19901315789473684
2 0.19516509433962265 0.7265625 0.10495283018867924 0.352796052631579
7 0.3287146226415094 0.06537828947368421 0.11497641509433959 0.08634868421052633
2 0.3092570754716981 0.30304276315789475 0.11851415094339623 0.24917763157894737
0 0.5170990566037736 0.08470394736842105 0.12735849056603776 0.16776315789473684
2 0.8561320754716981 0.2524671052631579 0.10495283018867929 0.17434210526315788
7 0.42688679245283023 0.12129934210526316 0.13561320754716982 0.2212171052631579
7 0.38502358490566035 0.33511513157894735 0.11084905660377359 0.16694078947368424
8 0.34935141509433965 0.5415296052631579 0.15507075471698112 0.23437499999999994
2 0.1928066037735849 0.9449013157894737 0.12028301886792453 0.10526315789473684
9 0.4056603773584906 0.8338815789473684 0.13679245283018865 0.32894736842105254
0 0.47847877358490565 0.40625 0.10436320754716982 0.1578947368421053
8 0.5548349056603774 0.8009868421052632 0.13443396226415094 0.3486842105263157
2 0.6002358490566038 0.37417763157894735 0.15094339622641506 0.15625
6 0.5424528301886793 0.5226151315789473 0.107311320754717 0.20805921052631582
2 0.8531839622641509 0.9025493421052632 0.10495283018867929 0.19325657894736836
2 0.953125 0.9198190789473684 0.07606132075471694 0.15378289473684215
2 0.6830778301886793 0.21175986842105265 0.254127358490566 0.421875
2 0.7402712264150944 0.6060855263157895 0.36143867924528306 0.2631578947368421
0 0.07665094339622641 0.041118421052631575 0.0778301886792453 0.0756578947368421
