5 0.5150353773584906 0.15254934210526316 0.11379716981132076 0.303453947368421
0 0.6049528301886793 0.008223684210526315 0.09905660377358483 0.013157894736842105
2 0.6760023584905661 0.09745065789473684 0.14681603773584906 0.1899671052631579
5 0.7314268867924529 0.580592105263158 0.16568396226415094 0.1907894736842105
2 0.2895047169811321 0.7368421052631579 0.1391509433962264 0.32894736842105265
5 0.30778301886792453 0.924342105263158 0.16509433962264153 0.14967105263157887
0 0.2641509433962264 0.9823190789473684 0.07665094339622644 0.033717105263157854
0 0.5630896226415094 0.16241776315789475 0.024764150943396235 0.0912828947368421
0 0.4560731132075472 0.2060032894736842 0.03478773584905659 0.09621710526315791
5 0.4893867924528302 0.368421052631579 0.1096698113207547 0.2351973684210526
6 0.4091981132075472 0.2578125 0.11910377358490565 0.24917763157894735
0 0.38354952830188677 0.16241776315789475 0.08431603773584906 0.171875
2 0.33343160377358494 0.1907894736842105 0.1350235849056604 0.1875
