0 0.3422759433962264 0.011101973684210526 0.15389150943396224 0.01891447368421053
2 0.18543632075471697 0.42269736842105265 0.23879716981132076 0.24013157894736842
0 0.2806603773584906 0.6825657894736843 0.08254716981132076 0.14638157894736847
0 0.3195754716981132 0.6324013157894737 0.09316037735849053 0.09210526315789469
2 0.36379716981132076 0.7796052631578947 0.14150943396226412 0.2532894736842105
2 0.36379716981132076 0.9403782894736842 0.15919811320754718 0.11759868421052633
0 0.4578419811320755 0.9810855263157894 0.13148584905660382 0.03618421052631582
5 0.551002358490566 0.886513157894737 0.22346698113207547 0.16776315789473684
2 0.7806603773584906 0.8655427631578947 0.24764150943396224 0.22615131578947367
0 0.7246462264150944 0.9473684210526316 0.08372641509433965 0.10032894736842113
5 0.6270636792452831 0.7660361842105263 0.1680424528301887 0.10608552631578949
2 0.554245283018868 0.6912006578947368 0.25117924528301894 0.234375
2 0.8307783018867925 0.5423519736842105 0.18042452830188682 0.2754934210526316
7 0.6471108490566038 0.5287828947368421 0.11379716981132071 0.17763157894736842
0 0.6182193396226415 0.5176809210526316 0.06780660377358494 0.12253289473684215
8 0.5138561320754716 0.4029605263157895 0.0996462264150943 0.1743421052631579
2 0.8166273584905661 0.2635690789473684 0.22051886792452835 0.259046052631579
2 0.6671580188679245 0.23231907894736842 0.19044811320754718 0.1439144736842105
7 0.4690448113207547 0.17310855263157895 0.1586084905660377 0.20805921052631576
