2 0.25560141509433965 0.2964638157894737 0.15035377358490568 0.384046052631579
8 0.33018867924528306 0.9202302631578947 0.21344339622641512 0.1529605263157895
0 0.5200471698113207 0.9333881578947368 0.16981132075471705 0.1299342105263157
0 0.5436320754716981 0.884046052631579 0.13325471698113206 0.11019736842105265
5 0.6527122641509434 0.9041940789473684 0.09316037735849059 0.18832236842105254
0 0.8346108490566038 0.888157894736842 0.1597877358490566 0.2220394736842105
5 0.5775353773584906 0.7635690789473684 0.21521226415094336 0.14720394736842113
0 0.6818985849056604 0.6768092105263157 0.10672169811320753 0.11348684210526316
2 0.727004716981132 0.5953947368421053 0.2028301886792453 0.13980263157894746
5 0.7146226415094339 0.4979440789473685 0.152122641509434 0.09950657894736842
0 0.7314268867924528 0.5189144736842106 0.07606132075471694 0.02631578947368418
5 0.59375 0.528782894736842 0.14622641509433953 0.1891447368421052
5 0.4675707547169812 0.5526315789473685 0.107311320754717 0.31085526315789475
5 0.5987617924528302 0.3223684210526316 0.13738207547169812 0.274671052631579
2 0.7219929245283019 0.33675986842105265 0.17393867924528306 0.14226973684210525
2 0.5946344339622642 0.1278782894736842 0.18573113207547165 0.12088815789473684
2 0.22346698113207547 0.08922697368421052 0.19693396226415094 0.1768092105263158
