2 0.8570165094339622 0.13404605263157895 0.11261792452830188 0.2664473684210526
2 0.9416273584905661 0.919407894736842 0.07311320754716977 0.1578947368421052
2 0.6739386792452831 0.9654605263157894 0.16627358490566035 0.06743421052631582
5 0.18691037735849056 0.8844572368421053 0.18396226415094336 0.22779605263157887
0 0.5905070754716981 0.6990131578947368 0.10082547169811318 0.14802631578947367
2 0.5492334905660378 0.537828947368421 0.11497641509433959 0.2796052631578948
0 0.4068396226415094 0.46175986842105265 0.15330188679245282 0.16858552631578944
0 0.029775943396226415 0.5485197368421053 0.05955188679245283 0.042763157894736836
9 0.5775353773584906 0.27713815789473684 0.07488207547169812 0.18914473684210528
8 0.43219339622641506 0.11677631578947369 0.13207547169811323 0.23190789473684212
0 0.08873820754716982 0.1299342105263158 0.15625 0.19407894736842107
