0 0.6415094339622641 0.011101973684210526 0.06367924528301883 0.02055921052631579
2 0.4543042452830189 0.06990131578947369 0.2034198113207547 0.13980263157894737
4 0.5020636792452831 0.2894736842105263 0.18455188679245282 0.2845394736842105
2 0.6344339622641509 0.15419407894736842 0.10377358490566047 0.2064144736842105
2 0.1409198113207547 0.7738486842105263 0.26297169811320753 0.29440789473684204
0 0.22788915094339623 0.9732730263157894 0.11025943396226415 0.05016447368421051
2 0.37293632075471694 0.9317434210526316 0.21167452830188677 0.13486842105263153
2 0.3711674528301887 0.8326480263157894 0.17629716981132076 0.22286184210526316
1 0.5283018867924528 0.8824013157894737 0.22051886792452824 0.23026315789473684
0 0.597877358490566 0.7960526315789473 0.09905660377358494 0.08388157894736836
5 0.5810731132075472 0.6994243421052632 0.19280660377358494 0.16200657894736836
5 0.8469929245283019 0.942845394736842 0.13030660377358494 0.1110197368421052
5 0.727004716981132 0.868421052631579 0.15801886792452835 0.1842105263157895
4 0.7850825471698113 0.8758223684210527 0.14327830188679247 0.24506578947368418
2 0.7936320754716981 0.640625 0.20400943396226423 0.22697368421052633
2 0.6353183962264151 0.47039473684210525 0.2305424528301887 0.1907894736842105
2 0.3122051886792453 0.6776315789473684 0.28950471698113206 0.23848684210526316
2 0.22376179245283018 0.5238486842105263 0.17393867924528303 0.19243421052631576
5 0.2623820754716981 0.06743421052631579 0.13797169811320753 0.13157894736842107
