2 0.43514150943396224 0.039884868421052634 0.21108490566037735 0.07976973684210527
0 0.7508844339622641 0.04317434210526316 0.15742924528301883 0.08634868421052631
2 0.21639150943396226 0.1821546052631579 0.17099056603773582 0.21463815789473684
2 0.6423938679245282 0.09498355263157894 0.10436320754716977 0.18832236842105263
2 0.5683962264150944 0.09169407894736842 0.08844339622641506 0.09621710526315791
1 0.5804834905660377 0.21875 0.22818396226415094 0.16776315789473684
2 0.36880896226415094 0.3458059210526316 0.3213443396226415 0.10444078947368418
2 0.4569575471698113 0.5703125 0.3101415094339623 0.1916118421052631
3 0.6394457547169812 0.3873355263157895 0.1444575471698113 0.2582236842105263
2 0.4050707547169812 0.7672697368421053 0.11674528301886794 0.23026315789473684
6 0.5017688679245282 0.7537006578947368 0.09669811320754718 0.17516447368421062
2 0.402122641509434 0.8379934210526316 0.2087264150943396 0.31907894736842113
2 0.5303655660377359 0.9021381578947368 0.07724056603773582 0.19407894736842102
3 0.6866155660377358 0.9078947368421053 0.07959905660377353 0.17927631578947367
2 0.7665094339622641 0.8865131578947368 0.1132075471698113 0.22532894736842102
9 0.7897995283018868 0.5748355263157895 0.16568396226415094 0.24671052631578944
0 0.7045990566037735 0.4872532894736842 0.08136792452830188 0.14391447368421056
2 0.7143278301886793 0.09333881578947369 0.11969339622641517 0.08305921052631579
0 0.2688679245283019 0.025904605263157895 0.08372641509433962 0.05016447368421052
