2 0.4716981132075472 0.1435032894736842 0.2665094339622642 0.2853618421052631
0 0.3664504716981132 0.6883223684210527 0.13620283018867924 0.17598684210526316
0 0.15507075471698112 0.03412828947368421 0.05306603773584903 0.06661184210526316
2 0.08077830188679246 0.5896381578947368 0.10731132075471697 0.18256578947368424
7 0.21403301886792453 0.5711348684210527 0.21226415094339623 0.17680921052631576
0 0.46639150943396224 0.9041940789473684 0.1757075471698113 0.18832236842105254
0 0.38030660377358494 0.8856907894736842 0.022405660377358527 0.03782894736842102
7 0.35495283018867924 0.756578947368421 0.20047169811320753 0.29934210526315785
2 0.4920400943396226 0.7245065789473684 0.2246462264150943 0.21381578947368418
0 0.6226415094339623 0.9428453947368421 0.11438679245283023 0.109375
7 0.5701650943396226 0.8375822368421053 0.0778301886792453 0.12253289473684215
0 0.6350235849056604 0.8207236842105263 0.05542452830188682 0.06743421052631571
0 0.8352004716981132 0.7742598684210527 0.129127358490566 0.28371710526315785
2 0.4392688679245283 0.6052631578947368 0.2547169811320754 0.1891447368421053
0 0.12382075471698113 0.05304276315789474 0.10377358490566038 0.10279605263157894
