2 0.6403301886792452 0.264391447368421 0.16509433962264153 0.13075657894736842
7 0.7411556603773586 0.3412828947368421 0.17099056603773588 0.22039473684210528
6 0.7892099056603774 0.6377467105263158 0.21049528301886788 0.32648026315789475
8 0.8054245283018868 0.9095394736842105 0.19221698113207542 0.17927631578947367
2 0.5 0.9111842105263158 0.125 0.17269736842105265
2 0.5896226415094339 0.9255756578947368 0.09080188679245282 0.14391447368421062
2 0.6217570754716981 0.846217105263158 0.19988207547169812 0.24013157894736847
2 0.42364386792452835 0.7002467105263158 0.2564858490566038 0.234375
6 0.22405660377358488 0.6291118421052632 0.17216981132075468 0.37006578947368424
0 0.07753537735849057 0.3511513157894737 0.1479952830188679 0.21217105263157895
2 0.28685141509433965 0.049342105263157895 0.11261792452830191 0.09703947368421054
0 0.6273584905660377 0.02837171052631579 0.1403301886792453 0.05674342105263158
