2 0.6851415094339622 0.12129934210526316 0.16155660377358494 0.16036184210526316
2 0.6922169811320755 0.9609375 0.168632075471698 0.07483552631578938
7 0.4811320754716981 0.7882401315789473 0.13089622641509435 0.21628289473684215
2 0.2709316037735849 0.774671052631579 0.11851415094339621 0.17763157894736847
6 0.3142688679245283 0.622532894736842 0.2028301886792453 0.1266447368421052
2 0.6420990566037736 0.5982730263157894 0.097877358490566 0.22944078947368418
2 0.5303655660377359 0.5756578947368421 0.11143867924528306 0.2960526315789474
2 0.5787146226415094 0.407483552631579 0.22582547169811318 0.1554276315789474
2 0.47553066037735847 0.2944078947368421 0.1880896226415094 0.12664473684210528
2 0.09168632075471699 0.1361019736842105 0.15271226415094338 0.1981907894736842
