7 0.7054834905660378 0.3988486842105263 0.19280660377358494 0.2384868421052631
0 0.5875589622641509 0.899671052631579 0.15153301886792447 0.16282894736842102
0 0.5017688679245284 0.9124177631578947 0.12028301886792453 0.171875
0 0.3520047169811321 0.9576480263157894 0.12264150943396229 0.08141447368421051
0 0.20371462264150944 0.9407894736842105 0.11615566037735853 0.11677631578947367
0 0.36733490566037735 0.696546052631579 0.2382075471698113 0.3092105263157895
6 0.5200471698113207 0.2064144736842105 0.09316037735849053 0.2730263157894737
3 0.30277122641509435 0.31784539473684215 0.21639150943396226 0.3347039473684211
0 0.3446344339622641 0.10814144736842105 0.17983490566037735 0.21463815789473684
2 0.1594929245283019 0.09868421052631579 0.25766509433962265 0.19736842105263158
