2 0.6798349056603774 0.09169407894736842 0.15683962264150952 0.18174342105263158
9 0.4050707547169811 0.3885690789473684 0.1568396226415094 0.18009868421052633
1 0.5610259433962264 0.43832236842105265 0.23525943396226412 0.3141447368421053
2 0.6509433962264151 0.5740131578947368 0.1096698113207547 0.2927631578947369
2 0.6830778301886793 0.6661184210526316 0.13974056603773588 0.36184210526315785
8 0.7216981132075472 0.8203125 0.16273584905660377 0.1702302631578947
2 0.8151533018867925 0.9198190789473684 0.20459905660377364 0.15871710526315785
0 0.3832547169811321 0.920641447368421 0.1273584905660377 0.15707236842105265
2 0.28920990566037735 0.9564144736842105 0.09492924528301885 0.08552631578947367
2 0.28920990566037735 0.6032072368421053 0.16804245283018868 0.3495065789473684
7 0.19693396226415094 0.40789473684210525 0.10141509433962265 0.17598684210526316
2 0.3272405660377359 0.20106907894736842 0.3101415094339623 0.19819078947368418
6 0.5627948113207547 0.10238486842105263 0.14091981132075476 0.20476973684210525
7 0.46875 0.07976973684210527 0.13089622641509435 0.15953947368421054
