2 0.32163915094339623 0.033305921052631575 0.20931603773584906 0.0649671052631579
3 0.5215212264150944 0.03453947368421053 0.11851415094339623 0.06907894736842106
0 0.8455188679245282 0.7220394736842105 0.05188679245283023 0.07236842105263164
0 0.8313679245283019 0.657483552631579 0.09551886792452824 0.11924342105263153
0 0.8113207547169812 0.5723684210526316 0.0742924528301887 0.11019736842105254
2 0.7243514150943396 0.638157894736842 0.13030660377358494 0.3075657894736842
3 0.5170990566037736 0.650904605263158 0.13207547169811323 0.3495065789473685
3 0.5952240566037736 0.6990131578947368 0.14327830188679236 0.17763157894736836
1 0.44516509433962265 0.9099506578947368 0.17924528301886788 0.17845394736842102
1 0.5106132075471698 0.38774671052631576 0.10023584905660371 0.2376644736842105
2 0.24528301886792453 0.4140625 0.13915094339622644 0.359375
3 0.5094339622641509 0.12870065789473684 0.1556603773584906 0.12417763157894737
0 0.4655070754716981 0.22245065789473684 0.1362028301886793 0.20476973684210528
9 0.32606132075471694 0.12088815789473684 0.18278301886792453 0.14638157894736842
