0 0.3991745283018868 0.025904605263157895 0.02476415094339618 0.030427631578947373
7 0.11586084905660377 0.9226973684210527 0.1267688679245283 0.1529605263157895
2 0.0695754716981132 0.639391447368421 0.1391509433962264 0.4383223684210526
5 0.15860849056603774 0.49671052631578944 0.15094339622641512 0.24506578947368418
5 0.47906839622641506 0.8351151315789473 0.16096698113207547 0.25411184210526316
5 0.5748820754716981 0.9370888157894737 0.12382075471698117 0.12253289473684204
0 0.41686320754716977 0.9802631578947368 0.08608490566037735 0.03618421052631571
3 0.5129716981132075 0.4342105263157895 0.09080188679245288 0.2697368421052631
6 0.5843160377358491 0.43215460526315785 0.0742924528301887 0.2754934210526316
5 0.6223466981132075 0.623766447368421 0.164504716981132 0.1422697368421052
5 0.7541273584905661 0.493421052631579 0.25117924528301894 0.1694078947368421
1 0.7647405660377358 0.08141447368421052 0.1639150943396227 0.15953947368421054
2 0.6503537735849056 0.18626644736842105 0.20872641509433965 0.20805921052631576
0 0.6350235849056605 0.07689144736842105 0.11556603773584906 0.15049342105263158
2 0.5235849056603774 0.1846217105263158 0.07900943396226412 0.21299342105263158
2 0.35053066037735847 0.7314967105263158 0.08667452830188677 0.2952302631578947
