9 0.4189268867924528 0.09333881578947369 0.15742924528301883 0.18338815789473686
0 0.5852004716981132 0.015625 0.09492924528301883 0.02960526315789474
2 0.22788915094339623 0.3910361842105263 0.2340801886792453 0.3675986842105263
2 0.8723466981132075 0.3803453947368421 0.1444575471698113 0.21134868421052633
7 0.6341391509433962 0.30057565789473684 0.07370283018867929 0.12088815789473684
5 0.7093160377358491 0.3885690789473684 0.14033018867924518 0.2935855263157895
8 0.6553655660377358 0.47902960526315785 0.12794811320754718 0.19654605263157893
2 0.6477004716981132 0.6052631578947368 0.17511792452830188 0.26480263157894735
2 0.5760613207547169 0.6373355263157894 0.04952830188679247 0.06743421052631582
8 0.6426886792452831 0.7261513157894737 0.2783018867924528 0.13815789473684204
1 0.45489386792452835 0.635279605263158 0.09964622641509441 0.1110197368421052
0 0.43248820754716977 0.7142269736842106 0.14327830188679241 0.08305921052631582
4 0.44310141509433965 0.90625 0.19044811320754712 0.18421052631578938
0 0.2414504716981132 0.6521381578947368 0.1420990566037736 0.17434210526315796
