9 0.3561320754716981 0.962171052631579 0.18867924528301883 0.07401315789473684
2 0.5642688679245282 0.6932565789473684 0.20872641509433965 0.13815789473684215
2 0.3915094339622642 0.09745065789473684 0.21580188679245282 0.19325657894736842
0 0.40860849056603776 0.4769736842105263 0.10141509433962265 0.14144736842105265
2 0.294811320754717 0.8236019736842105 0.19693396226415097 0.12253289473684204
6 0.4501768867924528 0.8096217105263158 0.14799528301886794 0.12582236842105265
3 0.7355542452830188 0.2590460526315789 0.17747641509433965 0.3832236842105263
0 0.605247641509434 0.7648026315789473 0.13030660377358494 0.2582236842105263
3 0.6527122641509434 0.8844572368421053 0.12971698113207553 0.22779605263157887
3 0.7797759433962264 0.8544407894736842 0.11615566037735847 0.2894736842105263
8 0.6008254716981132 0.4720394736842105 0.13915094339622647 0.23848684210526322
2 0.2673938679245283 0.12746710526315788 0.07606132075471694 0.25493421052631576
