2 0.683372641509434 0.4872532894736842 0.3443396226415094 0.26726973684210525
7 0.6002358490566038 0.7319078947368421 0.15094339622641506 0.17927631578947367
7 0.6317806603773585 0.84375 0.1362028301886793 0.17105263157894735
6 0.8101415094339622 0.6455592105263157 0.10023584905660377 0.26151315789473684
5 0.7037146226415094 0.3573190789473684 0.07959905660377364 0.14720394736842102
0 0.5828419811320755 0.9716282894736842 0.03832547169811329 0.05509868421052633
2 0.5050117924528301 0.786595394736842 0.06780660377358483 0.2376644736842105
4 0.49321933962264153 0.4798519736842105 0.16922169811320753 0.3166118421052632
4 0.5344929245283019 0.23026315789473684 0.21167452830188682 0.13980263157894735
6 0.25766509433962265 0.33182565789473684 0.26297169811320753 0.2672697368421053
7 0.06692216981132075 0.705592105263158 0.07252358490566038 0.13651315789473684
7 0.2762382075471698 0.125 0.16214622641509435 0.1907894736842105
