0 0.33284198113207547 0.018092105263157895 0.039504716981132115 0.03453947368421052
0 0.6067216981132075 0.018092105263157895 0.10259433962264153 0.03453947368421052
2 0.6653891509433962 0.3104440789473684 0.13148584905660377 0.3050986842105263
2 0.6603773584905661 0.5127467105263158 0.19693396226415094 0.16200657894736842
5 0.6533018867924528 0.721217105263158 0.19811320754716988 0.22532894736842113
1 0.5339033018867925 0.84375 0.1362028301886793 0.1875
9 0.46609669811320753 0.9370888157894737 0.173938679245283 0.12417763157894735
1 0.35701650943396224 0.6953125 0.20695754716981135 0.14720394736842102
2 0.36615566037735847 0.6052631578947368 0.16863207547169812 0.10361842105263164
7 0.33932783018867924 0.49629934210526316 0.08667452830188682 0.11924342105263164
2 0.5766509433962264 0.18832236842105265 0.10849056603773588 0.25
2 0.45725235849056606 0.1743421052631579 0.17040094339622647 0.17598684210526316
0 0.2508844339622642 0.18092105263157895 0.07252358490566038 0.19243421052631576
7 0.25 0.31167763157894735 0.09080188679245282 0.12171052631578944
