3 0.6459316037735849 0.17105263157894737 0.23172169811320753 0.22861842105263158
0 0.6960495283018868 0.02919407894736842 0.07370283018867929 0.05838815789473684
2 0.7511792452830188 0.9078947368421053 0.25117924528301894 0.18256578947368418
7 0.5784198113207548 0.785361842105263 0.12146226415094341 0.13651315789473684
2 0.5483490566037736 0.817845394736842 0.16509433962264153 0.28536184210526316
2 0.4716981132075472 0.8754111842105263 0.09198113207547176 0.24588815789473684
2 0.24675707547169812 0.9560032894736842 0.08077830188679247 0.08470394736842102
0 0.14622641509433962 0.962171052631579 0.1367924528301887 0.07401315789473684
4 0.4501768867924528 0.4777960526315789 0.1055424528301887 0.3388157894736842
7 0.5262382075471699 0.3959703947368421 0.11025943396226412 0.09786184210526316
3 0.5763561320754718 0.2767269736842105 0.263561320754717 0.2212171052631579
2 0.2815448113207547 0.2816611842105263 0.25530660377358494 0.25575657894736836
1 0.5837264150943396 0.11554276315789475 0.12617924528301883 0.12088815789473685
1 0.44634433962264153 0.11759868421052631 0.13561320754716988 0.15296052631578946
2 0.4970518867924528 0.08634868421052631 0.10023584905660377 0.17269736842105263
