0 0.7001768867924528 0.834703947368421 0.045400943396226356 0.14309210526315785
2 0.3605542452830188 0.8523848684210527 0.111438679245283 0.290296052631579
2 0.347877358490566 0.5752467105263158 0.25825471698113206 0.20148026315789475
2 0.09817216981132075 0.514391447368421 0.13974056603773585 0.18503289473684215
2 0.6294221698113207 0.2833059210526316 0.1680424528301886 0.15542763157894737
2 0.486438679245283 0.24177631578947367 0.1839622641509434 0.24177631578947367
3 0.2612028301886793 0.2787828947368421 0.18867924528301888 0.29769736842105265
4 0.45931603773584906 0.1607730263157895 0.2110849056603774 0.265625
0 0.44840801886792453 0.09087171052631579 0.09610849056603776 0.08963815789473684
0 0.3405070754716981 0.11554276315789473 0.13148584905660377 0.13733552631578946
2 0.3431603773584906 0.04810855263157895 0.2830188679245283 0.09457236842105264
