2 0.8378537735849056 0.10032894736842105 0.07193396226415094 0.19901315789473684
2 0.7016509433962264 0.07195723684210525 0.1757075471698114 0.14226973684210525
2 0.4658018867924528 0.5230263157894737 0.10495283018867924 0.2746710526315789
7 0.1615566037735849 0.609375 0.125 0.20065789473684204
2 0.3334316037735849 0.6414473684210527 0.20577830188679244 0.1891447368421053
8 0.44310141509433965 0.8388157894736843 0.24469339622641512 0.23190789473684215
2 0.31957547169811323 0.9292763157894737 0.24410377358490568 0.13980263157894735
2 0.5984669811320755 0.9120065789473684 0.11792452830188671 0.17434210526315785
2 0.9433962264150944 0.9185855263157894 0.07547169811320753 0.1595394736842105
4 0.8478773584905661 0.4424342105263158 0.10849056603773588 0.3634868421052631
7 0.7231721698113207 0.3511513157894737 0.09492924528301894 0.17763157894736842
