5 0.3228183962264151 0.7080592105263157 0.2093160377358491 0.2220394736842105
2 0.44310141509433965 0.20435855263157895 0.13384433962264147 0.14226973684210525
4 0.3608490566037736 0.42105263157894735 0.19575471698113212 0.2730263157894737
2 0.14887971698113206 0.5731907894736842 0.14327830188679244 0.22861842105263158
0 0.04186320754716981 0.674342105263158 0.08372641509433962 0.1266447368421052
7 0.11969339622641509 0.669407894736842 0.11202830188679246 0.10526315789473684
7 0.234375 0.9280427631578947 0.1527122641509434 0.140625
0 0.8254716981132075 0.22697368421052633 0.06485849056603776 0.20394736842105265
2 0.47788915094339623 0.8240131578947368 0.1255896226415094 0.2763157894736843
0 0.6877948113207547 0.9588815789473684 0.09257075471698117 0.08059210526315785
0 0.7411556603773585 0.9790296052631579 0.050707547169811296 0.03865131578947367
2 0.6680424528301887 0.48355263157894735 0.16863207547169812 0.2664473684210526
5 0.5972877358490566 0.43832236842105265 0.13089622641509435 0.2203947368421053
2 0.6659787735849056 0.24424342105263158 0.12794811320754718 0.2598684210526315
