0 0.2066627358490566 0.9691611842105263 0.08785377358490565 0.05674342105263164
7 0.44398584905660377 0.9296875 0.1733490566037736 0.1356907894736843
8 0.5878537735849056 0.9288651315789473 0.133254716981132 0.140625
2 0.5032429245283019 0.31620065789473684 0.17158018867924524 0.19654605263157895
5 0.5521816037735849 0.3700657894736842 0.10790094339622641 0.15296052631578944
0 0.53125 0.14021381578947367 0.04481132075471694 0.1800986842105263
7 0.32163915094339623 0.07072368421052631 0.21875 0.13980263157894737
0 0.19988207547169812 0.11636513157894737 0.08726415094339623 0.1439144736842105
2 0.40094339622641506 0.5489309210526315 0.19811320754716982 0.2508223684210526
7 0.2653301886792453 0.4987664473684211 0.13797169811320756 0.19161184210526316
0 0.16420990566037735 0.6064967105263157 0.10200471698113206 0.1685855263157895
0 0.12441037735849056 0.015625 0.11556603773584904 0.02631578947368421
