0 0.28773584905660377 0.23231907894736842 0.050707547169811296 0.046875
0 0.41244103773584906 0.27425986842105265 0.1420990566037736 0.17845394736842105
7 0.6362028301886793 0.14638157894736842 0.18985849056603776 0.21710526315789472
6 0.7137382075471699 0.054276315789473686 0.22936320754716977 0.10526315789473684
0 0.4861438679245283 0.1361019736842105 0.13502358490566035 0.15871710526315788
2 0.46255896226415094 0.1796875 0.1538915094339623 0.18503289473684215
0 0.46344339622641506 0.03042763157894737 0.09905660377358488 0.05592105263157895
7 0.35259433962264153 0.23478618421052633 0.09316037735849053 0.13898026315789472
7 0.2830188679245283 0.1328125 0.14622641509433962 0.19654605263157893
3 0.44899764150943394 0.35773026315789475 0.2659198113207547 0.1529605263157895
8 0.3918042452830189 0.868421052631579 0.21639150943396224 0.2582236842105263
