0 0.7385023584905661 0.7314967105263158 0.08313679245283023 0.109375
2 0.679245283018868 0.7582236842105263 0.054245283018867885 0.2796052631578947
7 0.4230542452830188 0.921875 0.1232311320754717 0.1513157894736843
4 0.44781839622641506 0.8338815789473684 0.26120283018867924 0.13980263157894746
5 0.5103183962264151 0.5694901315789473 0.20106132075471694 0.34950657894736836
5 0.6270636792452831 0.3926809210526316 0.13502358490566035 0.29029605263157887
0 0.12470518867924528 0.37088815789473684 0.11497641509433962 0.10032894736842102
2 0.20902122641509435 0.390625 0.21992924528301885 0.38486842105263164
0 0.4861438679245283 0.014802631578947368 0.052476415094339646 0.029605263157894735
0 0.35760613207547165 0.11430921052631579 0.10790094339622641 0.1381578947368421
0 0.08343160377358491 0.1381578947368421 0.09021226415094341 0.11842105263157895
