0 0.8481721698113207 0.14103618421052633 0.06544811320754718 0.09621710526315788
6 0.7125589622641509 0.1850328947368421 0.28360849056603765 0.13980263157894735
2 0.3587853773584906 0.1665296052631579 0.2211084905660377 0.22286184210526316
2 0.3245872641509434 0.3548519736842105 0.21757075471698112 0.18338815789473684
0 0.0660377358490566 0.7051809210526316 0.08136792452830188 0.15542763157894746
0 0.4289504716981132 0.844983552631579 0.13620283018867924 0.203125
2 0.5374410377358491 0.5805921052631579 0.209316037735849 0.11019736842105265
2 0.5436320754716981 0.8351151315789473 0.18396226415094336 0.328125
2 0.6276533018867925 0.8836348684210527 0.147995283018868 0.2310855263157895
0 0.6538915094339622 0.9806743421052632 0.12028301886792447 0.03700657894736836
5 0.8334316037735849 0.8778782894736842 0.15389150943396224 0.24259868421052633
0 0.7040094339622642 0.7158717105263157 0.17099056603773588 0.16694078947368418
2 0.4873231132075472 0.328125 0.17629716981132076 0.3355263157894737
2 0.5518867924528301 0.39925986842105265 0.09551886792452835 0.1537828947368421
2 0.663620283018868 0.397203947368421 0.22346698113207542 0.2351973684210526
2 0.6084905660377359 0.4736842105263158 0.10613207547169812 0.10032894736842107
2 0.6845518867924528 0.30633223684210525 0.19457547169811318 0.11430921052631579
5 0.8036556603773585 0.36554276315789475 0.11910377358490565 0.2672697368421052
5 0.5365566037735849 0.0859375 0.12146226415094336 0.171875
