2 0.24439858490566035 0.4362664473684211 0.09964622641509432 0.2623355263157895
2 0.7756485849056605 0.052631578947368425 0.09139150943396224 0.10197368421052631
2 0.7326061320754718 0.09868421052631579 0.11025943396226412 0.19572368421052633
5 0.6465212264150944 0.15542763157894737 0.14681603773584906 0.27302631578947373
0 0.650058962264151 0.282483552631579 0.10318396226415094 0.10773026315789475
6 0.5701650943396226 0.27713815789473684 0.08254716981132082 0.18256578947368418
1 0.6217570754716981 0.3984375 0.1527122641509433 0.22944078947368424
2 0.6099646226415094 0.569078947368421 0.22346698113207547 0.25822368421052627
0 0.47641509433962265 0.6677631578947368 0.1285377358490566 0.23190789473684204
2 0.7113797169811321 0.891858552631579 0.16214622641509435 0.21299342105263153
5 0.36202830188679247 0.8947368421052632 0.16273584905660377 0.20559210526315796
5 0.2895047169811321 0.731907894736842 0.15094339622641512 0.24506578947368418
6 0.1146816037735849 0.8799342105263157 0.13856132075471697 0.23190789473684215
