2 0.7261202830188679 0.38199013157894735 0.16214622641509435 0.17351973684210525
2 0.6497641509433962 0.5135690789473685 0.19457547169811318 0.35773026315789475
8 0.8623231132075472 0.40995065789473684 0.09492924528301883 0.24917763157894735
5 0.7202240566037735 0.9292763157894737 0.21875 0.13815789473684204
0 0.5501179245283019 0.919407894736842 0.1367924528301887 0.1578947368421052
0 0.49410377358490565 0.9000822368421053 0.09787735849056606 0.19490131578947367
0 0.11586084905660378 0.9786184210526316 0.04422169811320756 0.03782894736842113
2 0.08903301886792453 0.8939144736842105 0.0778301886792453 0.16447368421052633
9 0.5336084905660378 0.4321546052631579 0.14386792452830194 0.24095394736842113
2 0.44487028301886794 0.438733552631579 0.09964622641509435 0.16529605263157898
2 0.4643278301886793 0.2705592105263158 0.0878537735849057 0.11513157894736842
0 0.5828419811320755 0.010279605263157895 0.039504716981132115 0.02055921052631579
