2 0.7679834905660377 0.057154605263157895 0.17747641509433965 0.11430921052631579
2 0.7791863207547169 0.2956414473684211 0.20813679245283023 0.4564144736842105
2 0.6111438679245284 0.350328947368421 0.17511792452830188 0.3667763157894737
2 0.6043632075471699 0.485608552631579 0.2959905660377359 0.26233552631578944
7 0.5772405660377358 0.6895559210526315 0.08490566037735847 0.109375
5 0.46196933962264153 0.6644736842105263 0.14445754716981135 0.20723684210526316
7 0.3408018867924528 0.31866776315789475 0.15330188679245282 0.1932565789473684
2 0.12175707547169812 0.25 0.0972877358490566 0.29605263157894735
5 0.35377358490566035 0.1328125 0.22641509433962265 0.18338815789473684
5 0.4357311320754717 0.046875 0.1403301886792453 0.09210526315789475
