7 0.6164504716981132 0.08223684210526315 0.236438679245283 0.16282894736842105
2 0.8425707547169812 0.030838815789473683 0.08018867924528295 0.061677631578947366
2 0.8001179245283019 0.733141447368421 0.16863207547169812 0.30838815789473684
2 0.6689268867924529 0.7816611842105263 0.19044811320754718 0.2360197368421053
0 0.6182193396226415 0.9782072368421053 0.039504716981132004 0.04194078947368418
5 0.5176886792452831 0.9276315789473684 0.12146226415094341 0.14144736842105254
5 0.5813679245283019 0.5727796052631579 0.24174528301886794 0.18009868421052627
7 0.5350825471698113 0.7166940789473684 0.13148584905660377 0.18667763157894746
7 0.3012971698113207 0.6644736842105263 0.22995283018867924 0.40625
2 0.285377358490566 0.7750822368421053 0.21816037735849053 0.14884868421052633
9 0.19192216981132076 0.666529605263158 0.2305424528301887 0.18174342105263153
2 0.3402122641509434 0.3930921052631579 0.18632075471698112 0.17927631578947367
6 0.5651533018867925 0.2902960526315789 0.2623820754716981 0.34868421052631576
2 0.4351415094339623 0.11842105263157894 0.17806603773584906 0.23684210526315788
0 0.1910377358490566 0.33347039473684215 0.07900943396226415 0.13075657894736842
5 0.18632075471698115 0.13034539473684212 0.17924528301886794 0.2590460526315789
