2 0.6432783018867925 0.3104440789473684 0.1403301886792453 0.3972039473684211
6 0.7446933962264151 0.32648026315789475 0.1285377358490566 0.4950657894736842
2 0.9516509433962264 0.923108552631579 0.0742924528301886 0.15049342105263153
2 0.546875 0.7479440789473684 0.3154481132075471 0.3067434210526315
2 0.4204009433962264 0.9416118421052632 0.10495283018867929 0.11513157894736836
2 0.33755896226415094 0.8807565789473684 0.07606132075471694 0.23684210526315785
2 0.29451650943396224 0.9646381578947368 0.0642688679245283 0.06907894736842102
5 0.25530660377358494 0.670641447368421 0.19457547169811323 0.18996710526315785
7 0.20784198113207547 0.4140625 0.17747641509433965 0.19490131578947367
0 0.2694575471698113 0.1147203947368421 0.08726415094339621 0.22779605263157895
