0 0.7712264150943396 0.6052631578947368 0.16863207547169812 0.125
2 0.8074882075471699 0.8166118421052632 0.191627358490566 0.36184210526315796
2 0.6748231132075472 0.8359375 0.2423349056603774 0.21628289473684204
2 0.6987028301886793 0.9473684210526316 0.21226415094339623 0.10197368421052622
6 0.4846698113207547 0.6459703947368421 0.19457547169811318 0.14884868421052633
2 0.5011792452830188 0.7939967105263157 0.18867924528301894 0.37746710526315785
2 0.3935731132075472 0.9716282894736842 0.13738207547169812 0.05509868421052633
2 0.26002358490566035 0.9769736842105263 0.06367924528301888 0.044407894736842035
7 0.21933962264150944 0.8219572368421053 0.09433962264150947 0.13569078947368418
0 0.6695165094339623 0.3589638157894737 0.11615566037735847 0.203125
2 0.4640330188679245 0.4136513157894737 0.13679245283018865 0.26315789473684204
3 0.49115566037735847 0.2162828947368421 0.17688679245283012 0.375
