0 0.49557783018867924 0.02425986842105263 0.12205188679245282 0.04523026315789474
8 0.6933962264150944 0.5518092105263158 0.12617924528301883 0.3141447368421053
2 0.6704009433962264 0.889391447368421 0.10377358490566035 0.21957236842105265
2 0.4655070754716981 0.966282894736842 0.1586084905660377 0.06578947368421051
2 0.48643867924528306 0.8630756578947368 0.2959905660377358 0.2705592105263157
0 0.35347877358490565 0.8655427631578947 0.10200471698113206 0.1702302631578948
7 0.29068396226415094 0.641858552631579 0.2346698113207547 0.18832236842105265
2 0.36969339622641506 0.4239309210526315 0.18867924528301888 0.2508223684210526
2 0.39711084905660377 0.24506578947368424 0.28125 0.26151315789473684
4 0.14534198113207547 0.2623355263157895 0.20224056603773582 0.2976973684210526
