5 0.3142688679245283 0.06126644736842105 0.16391509433962267 0.1225328947368421
0 0.617629716981132 0.1920230263157895 0.05129716981132082 0.07648026315789472
2 0.6866155660377359 0.0990953947368421 0.1880896226415094 0.1949013157894737
2 0.4997051886792453 0.2545230263157895 0.07841981132075465 0.26398026315789475
0 0.39534198113207547 0.1998355263157895 0.03714622641509435 0.06578947368421054
5 0.4392688679245283 0.24876644736842105 0.09316037735849059 0.26069078947368424
5 0.4988207547169812 0.4823190789473684 0.232311320754717 0.16694078947368418
2 0.30984669811320753 0.5723684210526316 0.10436320754716982 0.4111842105263158
0 0.43219339622641506 0.716282894736842 0.13325471698113206 0.19243421052631582
0 0.07576650943396226 0.6726973684210527 0.15035377358490565 0.1266447368421053
