7 0.7514740566037736 0.40542763157894735 0.18101415094339612 0.2171052631578947
4 0.4133254716981132 0.8980263157894737 0.15094339622641512 0.20230263157894735
7 0.5639740566037736 0.7080592105263158 0.18926886792452835 0.274671052631579
5 0.2169811320754717 0.7298519736842105 0.16037735849056603 0.21792763157894735
5 0.5566037735849056 0.48848684210526316 0.2146226415094339 0.1743421052631579
2 0.3912146226415094 0.553453947368421 0.12912735849056606 0.15953947368421056
9 0.37735849056603776 0.4251644736842105 0.21580188679245288 0.12171052631578949
7 0.19575471698113206 0.24506578947368424 0.18985849056603774 0.22203947368421054
2 0.5365566037735849 0.24917763157894737 0.17452830188679247 0.2006578947368421
7 0.3127948113207547 0.02960526315789474 0.11851415094339623 0.05756578947368421
