2 0.7750589622641509 0.078125 0.07606132075471694 0.15625
0 0.6706957547169812 0.028782894736842108 0.08313679245283023 0.05592105263157895
7 0.6807193396226414 0.501233552631579 0.2777122641509434 0.25082236842105265
2 0.7945165094339622 0.9329769736842105 0.1326650943396226 0.13240131578947367
1 0.3331367924528302 0.8651315789473684 0.20990566037735847 0.19901315789473684
5 0.3779481132075472 0.5131578947368421 0.21344339622641506 0.14638157894736842
5 0.3466981132075472 0.3581414473684211 0.11202830188679247 0.25246710526315785
3 0.6255896226415094 0.22985197368421054 0.12264150943396224 0.2837171052631579
0 0.44339622641509435 0.15789473684210525 0.17334905660377364 0.17105263157894737
2 0.5327240566037736 0.057154605263157895 0.21639150943396224 0.11430921052631579
