0 0.5126768867924528 0.5213815789473684 0.11615566037735853 0.12006578947368418
1 0.6984080188679245 0.4325657894736842 0.3201650943396227 0.21052631578947367
2 0.5660377358490566 0.4346217105263158 0.16509433962264158 0.1274671052631579
3 0.6441627358490566 0.6319901315789473 0.210495283018868 0.16529605263157898
2 0.573997641509434 0.7483552631578947 0.19398584905660382 0.23355263157894746
2 0.36202830188679247 0.795641447368421 0.3018867924528302 0.24095394736842102
1 0.2918632075471698 0.9457236842105263 0.1202830188679245 0.10526315789473684
2 0.4094929245283019 0.9424342105263157 0.10672169811320753 0.08881578947368418
2 0.5141509433962264 0.9181743421052632 0.1933962264150943 0.16200657894736836
0 0.38030660377358494 0.4560032894736842 0.205188679245283 0.1883223684210526
4 0.497936320754717 0.1689967105263158 0.07724056603773588 0.3347039473684211
5 0.6267688679245282 0.18667763157894737 0.09198113207547165 0.30427631578947373
0 0.6418042452830188 0.11595394736842105 0.07134433962264153 0.10361842105263157
