0 0.6830778301886793 0.016858552631578948 0.2034198113207547 0.033717105263157895
1 0.6762971698113207 0.27425986842105265 0.15330188679245282 0.1291118421052632
4 0.5179834905660378 0.19613486842105265 0.14445754716981135 0.23437500000000003
5 0.5890330188679245 0.17064144736842105 0.13443396226415094 0.30180921052631576
2 0.07871462264150943 0.5801809210526315 0.1008254716981132 0.30509868421052627
5 0.3331367924528302 0.7228618421052632 0.2346698113207547 0.13980263157894735
2 0.3275353773584906 0.8696546052631579 0.11615566037735853 0.15707236842105265
0 0.8396226415094339 0.9749177631578947 0.08490566037735847 0.0485197368421052
0 0.49233490566037735 0.9901315789473684 0.10849056603773588 0.018092105263157854
2 0.5625 0.852796052631579 0.19103773584905664 0.23848684210526316
8 0.6344339622641509 0.39144736842105265 0.27712264150943394 0.13322368421052627
1 0.7016509433962264 0.5476973684210527 0.14150943396226412 0.1907894736842105
6 0.8334316037735849 0.599095394736842 0.14563679245283023 0.18996710526315785
0 0.7780070754716981 0.6143092105263158 0.035966981132075526 0.06414473684210531
7 0.3139740566037736 0.20189144736842107 0.05719339622641506 0.14391447368421054
