0 0.7063679245283019 0.06620065789473684 0.17099056603773577 0.13075657894736842
2 0.28655660377358494 0.23848684210526316 0.21108490566037735 0.39144736842105265
0 0.5598466981132075 0.06702302631578948 0.12676886792452824 0.1324013157894737
2 0.5586674528301887 0.376233552631579 0.1987028301886793 0.20476973684210525
0 0.5613207547169812 0.2997532894736842 0.04009433962264153 0.018914473684210564
0 0.16715801886792453 0.506578947368421 0.17747641509433965 0.10197368421052627
0 0.6140919811320755 0.5773026315789473 0.199882075471698 0.20230263157894735
5 0.6987028301886793 0.22039473684210525 0.13561320754716977 0.2154605263157895
8 0.25619103773584906 0.8170230263157895 0.07724056603773588 0.203125
2 0.402122641509434 0.7569901315789473 0.25000000000000006 0.22944078947368418
7 0.6385613207547169 0.8984375 0.15448113207547165 0.2014802631578947
5 0.7874410377358491 0.38692434210526316 0.11143867924528306 0.23930921052631576
