1 0.3832547169811321 0.09703947368421052 0.20754716981132076 0.1924342105263158
0 0.5672169811320755 0.011513157894736841 0.024764150943396124 0.02138157894736842
4 0.5778301886792453 0.11307565789473684 0.08844339622641506 0.22450657894736842
7 0.7163915094339623 0.5760690789473685 0.27122641509433965 0.29523026315789475
0 0.6618514150943395 0.688733552631579 0.1597877358490566 0.38898026315789475
0 0.5221108490566038 0.9654605263157894 0.0819575471698113 0.06578947368421051
2 0.2971698113207547 0.8194901315789473 0.08962264150943394 0.359375
5 0.5253537735849056 0.6303453947368421 0.11674528301886794 0.2787828947368421
7 0.46255896226415094 0.4847861842105263 0.12794811320754712 0.12253289473684209
5 0.44634433962264153 0.2504111842105263 0.19693396226415089 0.15707236842105265
