5 0.6742334905660378 0.1015625 0.13738207547169812 0.20148026315789475
2 0.6241155660377359 0.1669407894736842 0.1362028301886793 0.2631578947368421
2 0.7004716981132075 0.3092105263157895 0.13089622641509435 0.2746710526315789
0 0.5221108490566038 0.3667763157894737 0.1869103773584906 0.20394736842105265
0 0.6264740566037736 0.4876644736842105 0.09139150943396224 0.08388157894736836
5 0.5922759433962264 0.7002467105263158 0.11615566037735847 0.2738486842105263
5 0.47553066037735847 0.5608552631578947 0.21521226415094347 0.2171052631578948
0 0.2346698113207547 0.611842105263158 0.1615566037735849 0.20888157894736847
2 0.17629716981132076 0.4247532894736842 0.17099056603773588 0.2886513157894737
6 0.43219339622641506 0.07606907894736842 0.23231132075471694 0.15049342105263158
