0 0.32134433962264153 0.4819078947368421 0.1096698113207547 0.14473684210526316
2 0.3275353773584906 0.5921052631578947 0.20341981132075473 0.29276315789473684
0 0.773879716981132 0.962171052631579 0.10790094339622647 0.07236842105263153
1 0.664504716981132 0.9054276315789473 0.20400943396226412 0.1875
2 0.5462853773584906 0.844983552631579 0.2305424528301887 0.25411184210526316
2 0.48201650943396224 0.661595394736842 0.17865566037735853 0.2754934210526315
7 0.6223466981132075 0.9198190789473684 0.13030660377358494 0.14555921052631582
7 0.5462853773584906 0.25370065789473684 0.09375 0.15707236842105263
5 0.49204009433962265 0.35773026315789475 0.09139150943396224 0.1875
8 0.2959905660377359 0.8318256578947368 0.21344339622641512 0.19983552631578938
0 0.4560731132075472 0.9745065789473684 0.08313679245283018 0.042763157894736836
2 0.8275353773584906 0.6636513157894737 0.20459905660377364 0.4786184210526316
2 0.6706957547169812 0.4629934210526316 0.13620283018867918 0.1529605263157895
0 0.6512382075471699 0.3334703947368421 0.19280660377358483 0.11759868421052633
4 0.8487617924528301 0.22327302631578946 0.129127358490566 0.23601973684210525
