0 0.7788915094339623 0.1591282894736842 0.16627358490566035 0.3166118421052631
1 0.3452240566037736 0.6805098684210527 0.1409198113207547 0.203125
2 0.3475825471698113 0.15625 0.18691037735849053 0.15789473684210525
4 0.5191627358490566 0.13651315789473684 0.11379716981132071 0.2730263157894737
2 0.22641509433962265 0.501233552631579 0.1768867924528302 0.2376644736842105
9 0.6049528301886793 0.3388157894736842 0.14150943396226412 0.32730263157894735
4 0.6665683962264151 0.35238486842105265 0.14209905660377353 0.18174342105263158
5 0.5793042452830188 0.7298519736842106 0.11497641509433965 0.25411184210526316
2 0.816627358490566 0.5131578947368421 0.17452830188679247 0.46875000000000006
2 0.4543042452830189 0.9625822368421053 0.1633254716981133 0.07319078947368418
0 0.36379716981132076 0.9601151315789473 0.06603773584905659 0.078125
2 0.5114976415094339 0.8022203947368421 0.11615566037735847 0.28042763157894735
7 0.5878537735849056 0.9120065789473684 0.12264150943396235 0.17105263157894746
8 0.683372641509434 0.8712993421052632 0.1132075471698113 0.25246710526315796
2 0.9484080188679245 0.9222861842105263 0.0784198113207547 0.15049342105263164
0 0.7090212264150944 0.5028782894736842 0.08667452830188682 0.10444078947368424
0 0.203125 0.23972039473684212 0.23290094339622644 0.19819078947368424
