9 0.7090212264150944 0.9276315789473684 0.20106132075471694 0.14144736842105254
5 0.7420400943396226 0.5921052631578947 0.129127358490566 0.32072368421052627
2 0.35318396226415094 0.9457236842105263 0.14622641509433965 0.10526315789473684
8 0.30689858490566035 0.7339638157894737 0.33431603773584906 0.1981907894736843
7 0.5860849056603774 0.5616776315789473 0.277122641509434 0.35855263157894735
9 0.36762971698113206 0.5361842105263157 0.1409198113207547 0.26151315789473684
2 0.4967570754716981 0.3470394736842105 0.271816037735849 0.16118421052631576
2 0.6674528301886793 0.11430921052631579 0.16627358490566035 0.16118421052631576
5 0.46639150943396224 0.04194078947368421 0.11202830188679241 0.08388157894736842
7 0.49027122641509435 0.15707236842105263 0.10082547169811318 0.23355263157894737
8 0.3195754716981132 0.1986019736842105 0.1733490566037736 0.12582236842105263
7 0.12382075471698113 0.044819078947368425 0.10849056603773585 0.08634868421052631
