2 0.8487617924528301 0.08018092105263158 0.10082547169811329 0.1587171052631579
2 0.7942216981132075 0.17269736842105265 0.20047169811320753 0.34375
0 0.33372641509433965 0.07360197368421052 0.08844339622641512 0.14720394736842105
0 0.43130896226415094 0.07360197368421052 0.13030660377358494 0.14720394736842105
2 0.5362617924528301 0.15748355263157895 0.22346698113207542 0.2162828947368421
0 0.05748820754716981 0.537828947368421 0.11497641509433962 0.1842105263157895
2 0.4133254716981132 0.5501644736842106 0.2794811320754717 0.3799342105263158
2 0.2096108490566038 0.7113486842105263 0.21403301886792453 0.2549342105263157
0 0.30129716981132076 0.7479440789473684 0.1356132075471698 0.2606907894736842
2 0.5129716981132075 0.7701480263157895 0.2476415094339623 0.11595394736842102
5 0.43130896226415094 0.8445723684210527 0.19988207547169812 0.14144736842105265
2 0.5966981132075472 0.916529605263158 0.20518867924528306 0.16529605263157887
2 0.6061320754716981 0.8252467105263158 0.15919811320754718 0.10773026315789469
2 0.6149764150943396 0.38116776315789475 0.11202830188679247 0.2705592105263158
0 0.7393867924528302 0.36636513157894735 0.16863207547169812 0.2754934210526316
2 0.6839622641509434 0.13404605263157895 0.18042452830188682 0.2006578947368421
