0 0.27535377358490565 0.005345394736842105 0.051886792452830205 0.01069078947368421
3 0.4537146226415094 0.05304276315789473 0.2623820754716981 0.10444078947368421
0 0.34905660377358494 0.01069078947368421 0.08490566037735853 0.02138157894736842
3 0.5633844339622641 0.4662828947368421 0.1255896226415094 0.1282894736842105
3 0.6152712264150944 0.6373355263157895 0.08431603773584906 0.27796052631578944
1 0.7370283018867925 0.7639802631578947 0.1603773584905661 0.23684210526315785
2 0.6627358490566038 0.951891447368421 0.2146226415094339 0.09457236842105265
5 0.41126179245283023 0.9046052631578947 0.17629716981132076 0.1858552631578948
0 0.347877358490566 0.9806743421052632 0.05070754716981135 0.03700657894736836
2 0.4498820754716981 0.6007401315789473 0.29716981132075476 0.30509868421052627
1 0.5518867924528301 0.12129934210526316 0.12382075471698106 0.18338815789473684
0 0.4834905660377359 0.24917763157894737 0.10849056603773582 0.2023026315789474
7 0.17246462264150944 0.26027960526315785 0.09492924528301888 0.13075657894736842
