0 0.5309551886792453 0.03330592105263158 0.04893867924528306 0.06167763157894737
2 0.435436320754717 0.06167763157894737 0.17747641509433965 0.12006578947368421
6 0.7155070754716981 0.05427631578947368 0.09610849056603765 0.1069078947368421
0 0.6933962264150944 0.16529605263157895 0.13797169811320753 0.13980263157894735
0 0.49469339622641506 0.09087171052631579 0.03773584905660371 0.046875
0 0.5377358490566038 0.1772203947368421 0.1556603773584906 0.21792763157894735
0 0.30336084905660377 0.16570723684210525 0.18337264150943397 0.20476973684210528
2 0.5 0.4124177631578947 0.115566037735849 0.26562499999999994
0 0.4227594339622641 0.6032072368421053 0.13679245283018865 0.14720394736842113
2 0.2971698113207547 0.43462171052631576 0.15801886792452832 0.4004934210526315
