1 0.5504127358490566 0.941611842105263 0.22346698113207547 0.11348684210526316
8 0.726120283018868 0.938733552631579 0.120872641509434 0.11759868421052633
2 0.6037735849056605 0.8643092105263157 0.2582547169811321 0.26809210526315785
2 0.43307783018867924 0.8585526315789473 0.21757075471698106 0.14309210526315785
5 0.39976415094339623 0.770970394736842 0.11910377358490565 0.11595394736842113
0 0.2794811320754717 0.8273026315789473 0.10023584905660377 0.2483552631578947
2 0.7561910377358491 0.712171052631579 0.17275943396226423 0.22861842105263153
3 0.6232311320754718 0.4716282894736842 0.1320754716981133 0.17516447368421056
2 0.4481132075471698 0.344983552631579 0.214622641509434 0.2870065789473684
0 0.24705188679245282 0.287828947368421 0.10849056603773585 0.18092105263157893
2 0.6323702830188679 0.1825657894736842 0.21875 0.22697368421052627
1 0.5804834905660378 0.05304276315789474 0.15742924528301883 0.10608552631578948
