2 0.7765330188679245 0.24588815789473684 0.2429245283018867 0.17927631578947367
0 0.17099056603773585 0.8096217105263157 0.13797169811320753 0.15871710526315785
1 0.38295990566037735 0.3174342105263158 0.27063679245283023 0.20230263157894737
2 0.6129127358490566 0.5291940789473685 0.1880896226415094 0.22450657894736842
5 0.5026533018867925 0.5670230263157895 0.20695754716981135 0.2574013157894737
9 0.27152122641509435 0.6513157894736843 0.1090801886792453 0.26973684210526316
0 0.0660377358490566 0.6097861842105263 0.08372641509433962 0.09950657894736836
9 0.6701061320754718 0.41899671052631576 0.19870283018867918 0.18174342105263153
2 0.34109669811320753 0.9625822368421053 0.1527122641509434 0.07154605263157887
1 0.4189268867924528 0.8129111842105263 0.1880896226415094 0.1685855263157895
2 0.5922759433962264 0.7923519736842106 0.07252358490566035 0.2689144736842105
0 0.6639150943396226 0.8211348684210527 0.12146226415094341 0.14555921052631582
2 0.633254716981132 0.9481907894736842 0.27122641509433965 0.10032894736842102
2 0.3251768867924528 0.07483552631578948 0.3484669811320755 0.1480263157894737
