6 0.6350235849056605 0.24671052631578946 0.3089622641509434 0.2976973684210526
5 0.7299528301886793 0.05139802631578947 0.11438679245283023 0.10279605263157894
0 0.31721698113207547 0.021792763157894735 0.04009433962264153 0.04358552631578947
5 0.4923349056603774 0.17310855263157895 0.2122641509433963 0.1439144736842105
2 0.5020636792452831 0.9177631578947368 0.14209905660377353 0.1611842105263157
3 0.3298938679245283 0.9333881578947368 0.27181603773584906 0.1299342105263157
2 0.6615566037735849 0.884046052631579 0.3113207547169812 0.19572368421052633
5 0.8614386792452831 0.7314967105263157 0.12382075471698106 0.3067434210526315
9 0.7037146226415094 0.671875 0.14209905660377364 0.2450657894736843
7 0.1353183962264151 0.9399671052631579 0.14681603773584906 0.11677631578947367
2 0.25766509433962265 0.7545230263157895 0.22641509433962262 0.3297697368421053
7 0.41745283018867924 0.47368421052631576 0.07900943396226412 0.16611842105263153
2 0.4669811320754717 0.6126644736842106 0.18278301886792458 0.1907894736842105
