3 0.47759433962264153 0.11883223684210525 0.12028301886792453 0.234375
0 0.5722287735849056 0.026315789473684213 0.035966981132075526 0.047697368421052634
5 0.664504716981132 0.1595394736842105 0.09198113207547165 0.2845394736842105
1 0.6506485849056604 0.3762335526315789 0.11733490566037741 0.15213815789473684
8 0.5849056603773585 0.32976973684210525 0.1450471698113207 0.16282894736842102
2 0.5884433962264151 0.405016447368421 0.14976415094339623 0.08470394736842107
2 0.6199882075471699 0.47409539473684215 0.26002358490566035 0.10937500000000006
2 0.5253537735849056 0.5152138157894737 0.09316037735849059 0.06990131578947367
6 0.6335495283018868 0.6743421052631579 0.1951650943396226 0.3601973684210526
9 0.6426886792452831 0.740953947368421 0.17099056603773588 0.17105263157894735
7 0.6108490566037736 0.907483552631579 0.2665094339622641 0.18009868421052633
5 0.24380896226415094 0.5217927631578947 0.22110849056603774 0.22450657894736847
7 0.16538915094339623 0.7183388157894737 0.17511792452830188 0.24588815789473684
2 0.30571933962264153 0.9424342105263157 0.12441037735849053 0.11184210526315785
