2 0.7096108490566038 0.2668585526315789 0.18219339622641506 0.12911184210526314
6 0.6745283018867925 0.537828947368421 0.14150943396226412 0.41940789473684215
2 0.7019457547169812 0.8408717105263157 0.13030660377358483 0.28371710526315785
2 0.448997641509434 0.6973684210526316 0.2564858490566038 0.1858552631578948
0 0.5931603773584906 0.6792763157894737 0.10377358490566035 0.16447368421052633
1 0.44339622641509435 0.625 0.09316037735849059 0.17763157894736836
2 0.3089622641509434 0.5238486842105263 0.1792452830188679 0.31085526315789475
5 0.5285966981132075 0.4872532894736842 0.18101415094339623 0.18009868421052627
5 0.3443396226415094 0.36883223684210525 0.15212264150943394 0.25411184210526316
4 0.48643867924528306 0.09703947368421052 0.19575471698113206 0.16282894736842105
7 0.2497051886792453 0.09004934210526315 0.19044811320754718 0.17845394736842105
