0 0.24793632075471697 0.48725328947368424 0.03360849056603771 0.05180921052631582
2 0.43307783018867924 0.03700657894736842 0.19752358490566035 0.07236842105263158
2 0.6618514150943395 0.11595394736842106 0.34139150943396224 0.23190789473684212
8 0.5716391509433962 0.2397203947368421 0.26709905660377364 0.15542763157894735
7 0.7255306603773585 0.36554276315789475 0.18926886792452824 0.2064144736842105
2 0.4050707547169811 0.1796875 0.09433962264150941 0.2606907894736842
2 0.5881485849056605 0.4810855263157895 0.14681603773584906 0.3552631578947368
1 0.4501768867924528 0.4897203947368421 0.15271226415094336 0.25411184210526316
2 0.859375 0.924342105263158 0.10672169811320753 0.14309210526315785
5 0.7399764150943395 0.8063322368421053 0.21580188679245282 0.19161184210526316
0 0.4840801886792453 0.8083881578947368 0.05188679245283018 0.10032894736842102
2 0.14622641509433965 0.2652138157894737 0.1474056603773585 0.4004934210526316
