0 0.25825471698113206 0.033305921052631575 0.037735849056603765 0.0649671052631579
3 0.32045990566037735 0.12047697368421052 0.11497641509433965 0.24095394736842105
2 0.4528301886792453 0.07113486842105263 0.17216981132075465 0.14226973684210525
2 0.5339033018867925 0.07976973684210527 0.1362028301886793 0.15953947368421054
6 0.27093160377358494 0.2668585526315789 0.2706367924528302 0.4136513157894737
5 0.32311320754716977 0.5596217105263157 0.21462264150943394 0.15871710526315785
0 0.31810141509433965 0.6402138157894737 0.1821933962264151 0.11101973684210531
2 0.6586084905660377 0.8338815789473684 0.1285377358490566 0.26151315789473684
2 0.5406839622641509 0.4765625 0.2075471698113207 0.2541118421052631
2 0.6362028301886793 0.5341282894736842 0.12735849056603776 0.40542763157894735
3 0.7435141509433962 0.3902138157894737 0.1403301886792453 0.16365131578947367
2 0.6533018867924528 0.2425986842105263 0.3231132075471698 0.24835526315789475
2 0.6830778301886793 0.06907894736842106 0.17511792452830188 0.13815789473684212
0 0.1650943396226415 0.031661184210526314 0.12028301886792452 0.06332236842105263
