0 0.31898584905660377 0.014802631578947368 0.050707547169811296 0.027960526315789474
5 0.3800117924528302 0.11883223684210527 0.1527122641509434 0.23766447368421054
2 0.25235849056603776 0.5148026315789473 0.18867924528301888 0.2664473684210526
2 0.19221698113207547 0.9790296052631579 0.08490566037735847 0.03865131578947367
7 0.3354952830188679 0.8018092105263158 0.14150943396226418 0.2828947368421053
7 0.5560141509433962 0.8721217105263158 0.2936320754716981 0.25082236842105265
8 0.8101415094339622 0.6973684210526316 0.11202830188679247 0.2549342105263158
2 0.6491745283018868 0.6040296052631579 0.18867924528301883 0.19490131578947367
6 0.36114386792452835 0.6352796052631579 0.1267688679245283 0.24917763157894735
7 0.48584905660377364 0.45148026315789475 0.15094339622641512 0.2532894736842105
5 0.34964622641509435 0.39514802631578944 0.1285377358490566 0.30838815789473684
0 0.5306603773584906 0.02425986842105263 0.09433962264150947 0.04523026315789474
2 0.542747641509434 0.1484375 0.12441037735849059 0.1850328947368421
0 0.6444575471698113 0.0834703947368421 0.12028301886792447 0.1636513157894737
0 0.1090801886792453 0.4161184210526316 0.21580188679245282 0.3338815789473685
