5 0.7199292452830188 0.36307565789473684 0.13443396226415094 0.2376644736842105
1 0.6872051886792453 0.7952302631578947 0.09139150943396235 0.3026315789473685
2 0.6238207547169812 0.7516447368421053 0.14622641509433965 0.2220394736842105
8 0.5501179245283019 0.8873355263157894 0.11556603773584911 0.2154605263157895
2 0.4410377358490566 0.903782894736842 0.18278301886792447 0.1907894736842105
1 0.49410377358490565 0.6278782894736842 0.24056603773584911 0.234375
5 0.48231132075471694 0.3795230263157895 0.205188679245283 0.16200657894736842
2 0.5704599056603773 0.21217105263157895 0.1621462264150943 0.15131578947368424
5 0.39711084905660377 0.2257401315789474 0.23408018867924535 0.14391447368421054
2 0.45076650943396224 0.11101973684210527 0.09257075471698112 0.17105263157894737
0 0.30395047169811323 0.013157894736842105 0.03125 0.024671052631578948
