5 0.8346108490566038 0.07606907894736842 0.13148584905660377 0.15049342105263158
2 0.7193396226415094 0.06578947368421052 0.14268867924528306 0.13157894736842105
0 0.8340212264150944 0.7430098684210527 0.13030660377358494 0.22121710526315785
2 0.7980542452830188 0.826891447368421 0.11615566037735847 0.34292763157894735
0 0.4209905660377359 0.9724506578947368 0.08372641509433959 0.05180921052631571
3 0.3564268867924528 0.6702302631578947 0.28360849056603776 0.2713815789473685
1 0.6397405660377359 0.420641447368421 0.18160377358490565 0.3511513157894737
2 0.5663325471698113 0.3125 0.11025943396226412 0.2598684210526315
5 0.6642099056603774 0.18050986842105263 0.12205188679245282 0.19654605263157893
0 0.5725235849056604 0.13939144736842105 0.08726415094339623 0.15049342105263158
5 0.43602594339622647 0.3392269736842105 0.15625000000000006 0.23108552631578946
0 0.2986438679245283 0.29070723684210525 0.06191037735849059 0.08141447368421051
2 0.3679245283018868 0.2833059210526316 0.1544811320754717 0.2952302631578947
0 0.4519457547169812 0.02631578947368421 0.08313679245283018 0.05263157894736842
