1 0.36527122641509435 0.10115131578947369 0.3166273584905661 0.19901315789473686
7 0.9307193396226415 0.09745065789473684 0.13738207547169812 0.1899671052631579
2 0.5442216981132075 0.16241776315789475 0.11674528301886794 0.265625
2 0.5760613207547169 0.3408717105263158 0.23113207547169806 0.11759868421052627
2 0.8219339622641509 0.545641447368421 0.15448113207547176 0.20805921052631582
2 0.47376179245283023 0.7561677631578947 0.11969339622641512 0.18832236842105254
2 0.6099646226415094 0.8104440789473684 0.11025943396226412 0.15542763157894746
3 0.7364386792452831 0.9564144736842105 0.11556603773584906 0.08388157894736836
0 0.5719339622641509 0.9453125 0.04599056603773577 0.03865131578947367
2 0.5560141509433962 0.9613486842105263 0.2110849056603774 0.07565789473684204
7 0.13237028301886794 0.6661184210526316 0.1338443396226415 0.16611842105263153
