7 0.4227594339622641 0.08429276315789473 0.14504716981132076 0.16529605263157895
2 0.6034787735849056 0.038651315789473686 0.24705188679245288 0.07730263157894737
7 0.1179245283018868 0.8194901315789473 0.2028301886792453 0.3330592105263158
3 0.2827240566037736 0.6657072368421053 0.2104952830188679 0.13075657894736847
0 0.28331367924528306 0.770970394736842 0.047759433962264175 0.09621710526315785
0 0.2939268867924528 0.606907894736842 0.04540094339622641 0.02631578947368418
0 0.3820754716981132 0.75 0.11674528301886794 0.07565789473684204
0 0.49262971698113206 0.8338815789473684 0.11025943396226412 0.14638157894736847
2 0.7060731132075472 0.9173519736842105 0.21757075471698117 0.16200657894736836
2 0.4619693396226415 0.5197368421052632 0.15389150943396224 0.3322368421052631
2 0.6621462264150944 0.5082236842105263 0.2346698113207547 0.399671052631579
5 0.7930424528301887 0.31414473684210525 0.19339622641509435 0.2236842105263158
2 0.6471108490566038 0.25082236842105265 0.2777122641509434 0.3503289473684211
6 0.539504716981132 0.21916118421052633 0.24174528301886788 0.2935855263157895
2 0.1892688679245283 0.31784539473684215 0.17099056603773585 0.29194078947368424
