7 0.6308962264150944 0.5398848684210527 0.116745283018868 0.23273026315789475
2 0.6975235849056604 0.40008223684210525 0.09316037735849059 0.2705592105263158
5 0.5232900943396226 0.5699013157894737 0.12205188679245282 0.2680921052631579
9 0.3979952830188679 0.4555921052631579 0.21226415094339618 0.25657894736842113
2 0.4425117924528302 0.251233552631579 0.17865566037735847 0.22944078947368424
2 0.5330188679245284 0.03330592105263158 0.08844339622641512 0.06661184210526316
7 0.3071933962264151 0.09745065789473684 0.12500000000000003 0.19161184210526316
2 0.44221698113207547 0.9399671052631579 0.25943396226415094 0.11677631578947367
2 0.4027122641509434 0.725328947368421 0.2617924528301887 0.18256578947368418
2 0.296875 0.6533717105263158 0.13856132075471697 0.234375
7 0.24321933962264153 0.24917763157894735 0.15035377358490568 0.17598684210526314
2 0.138561320754717 0.32894736842105265 0.14150943396226415 0.26973684210526316
