0 0.3870872641509434 0.013980263157894737 0.10790094339622641 0.027960526315789474
6 0.6836674528301887 0.2393092105263158 0.16568396226415094 0.15460526315789475
2 0.6804245283018868 0.328125 0.15919811320754718 0.11348684210526316
0 0.7234669811320755 0.9638157894736842 0.06132075471698106 0.07072368421052633
2 0.796875 0.967516447368421 0.07134433962264142 0.06332236842105265
2 0.5527712264150944 0.8548519736842105 0.31780660377358494 0.2886513157894737
2 0.25972877358490565 0.5657894736842105 0.2977594339622642 0.1677631578947369
7 0.20872641509433965 0.743421052631579 0.20047169811320756 0.26809210526315785
7 0.4649174528301887 0.571546052631579 0.11851415094339623 0.13486842105263153
7 0.47670990566037735 0.41036184210526316 0.13620283018867918 0.1875
1 0.4811320754716981 0.20764802631578946 0.2075471698113207 0.24095394736842107
