2 0.5176886792452831 0.7413651315789473 0.1273584905660377 0.14720394736842102
0 0.836379716981132 0.9490131578947368 0.08903301886792458 0.10032894736842102
7 0.5521816037735849 0.908717105263158 0.23525943396226412 0.18092105263157887
0 0.519752358490566 0.8610197368421053 0.26120283018867924 0.27467105263157887
2 0.347877358490566 0.7882401315789473 0.16509433962264147 0.20805921052631582
0 0.054245283018867926 0.8519736842105263 0.10849056603773585 0.11019736842105265
2 0.5518867924528301 0.3120888157894737 0.21580188679245282 0.24753289473684212
5 0.3434551886792453 0.4379111842105263 0.17629716981132076 0.2475328947368421
8 0.310436320754717 0.24629934210526316 0.1715801886792453 0.18832236842105265
1 0.3623231132075472 0.08552631578947369 0.3012971698113207 0.13815789473684212
