2 0.7175707547169812 0.834703947368421 0.1757075471698113 0.2598684210526315
0 0.6830778301886793 0.984375 0.09021226415094341 0.02796052631578938
0 0.2626768867924528 0.9580592105263158 0.11733490566037738 0.07894736842105265
2 0.5908018867924528 0.8486842105263158 0.09433962264150941 0.29769736842105265
0 0.6070165094339622 0.7035361842105263 0.05011792452830188 0.06661184210526316
2 0.39475235849056606 0.567845394736842 0.19398584905660377 0.40871710526315785
2 0.21462264150943394 0.5851151315789473 0.13089622641509432 0.1833881578947369
0 0.6624410377358491 0.44243421052631576 0.1527122641509433 0.22861842105263153
3 0.41391509433962265 0.22245065789473684 0.3089622641509434 0.25246710526315785
6 0.5589622641509434 0.1435032894736842 0.3313679245283019 0.2261513157894737
3 0.5610259433962264 0.08799342105263158 0.0819575471698114 0.1743421052631579
2 0.5147405660377358 0.05139802631578947 0.07193396226415094 0.10279605263157894
2 0.4024174528301887 0.03289473684210526 0.16804245283018865 0.06578947368421052
1 0.2502948113207547 0.060032894736842105 0.17393867924528303 0.12006578947368421
