0 0.8528891509433962 0.6163651315789473 0.019457547169811296 0.04851973684210531
2 0.7617924528301887 0.5908717105263158 0.12971698113207553 0.19325657894736842
2 0.7317216981132075 0.7380756578947368 0.14150943396226412 0.2705592105263157
2 0.6391509433962264 0.890625 0.089622641509434 0.1875
0 0.43101415094339623 0.959703947368421 0.12264150943396224 0.07894736842105265
0 0.18808962264150944 0.9202302631578947 0.232311320754717 0.1578947368421052
1 0.38148584905660377 0.8445723684210527 0.23938679245283012 0.17269736842105265
7 0.5725235849056604 0.7537006578947368 0.19811320754716982 0.290296052631579
8 0.47965801886792453 0.5822368421052632 0.10200471698113212 0.22203947368421056
0 0.15507075471698112 0.21957236842105263 0.12382075471698115 0.4226973684210526
