2 0.7682783018867925 0.15789473684210525 0.1875 0.3125
2 0.6444575471698113 0.15460526315789472 0.09198113207547165 0.27960526315789475
2 0.1715801886792453 0.11883223684210525 0.1320754716981132 0.23601973684210525
6 0.4604952830188679 0.22820723684210528 0.34787735849056606 0.2557565789473684
2 0.35053066037735847 0.2709703947368421 0.09492924528301888 0.18503289473684212
2 0.4970518867924528 0.41324013157894735 0.3054245283018868 0.272203947368421
8 0.3449292452830188 0.638157894736842 0.10495283018867924 0.24013157894736847
2 0.05129716981132075 0.7796052631578947 0.08136792452830188 0.20559210526315785
2 0.4808372641509434 0.7430098684210527 0.24587264150943394 0.22286184210526316
5 0.5336084905660377 0.9000822368421053 0.15448113207547165 0.1751644736842105
7 0.5972877358490566 0.6007401315789473 0.12971698113207553 0.12088815789473684
4 0.7237617924528301 0.6595394736842105 0.18926886792452835 0.34539473684210525
0 0.3001179245283019 0.05263157894736842 0.10849056603773585 0.10361842105263158
