0 0.7541273584905661 0.15995065789473684 0.14504716981132082 0.05674342105263158
2 0.7670990566037736 0.4831414473684211 0.18985849056603776 0.23930921052631582
0 0.7511792452830188 0.7726151315789473 0.09905660377358483 0.11266447368421051
1 0.5751768867924528 0.942845394736842 0.13384433962264142 0.11266447368421051
2 0.33962264150943394 0.8482730263157894 0.20518867924528303 0.3018092105263158
5 0.5495283018867925 0.7323190789473684 0.1273584905660377 0.2952302631578948
0 0.27122641509433965 0.6023848684210527 0.18867924528301888 0.11430921052631582
2 0.6474056603773585 0.21998355263157893 0.10613207547169812 0.234375
4 0.43071933962264153 0.13240131578947367 0.24351415094339623 0.18092105263157895
7 0.30159198113207547 0.33182565789473684 0.15153301886792456 0.20476973684210528
