2 0.6482900943396226 0.08963815789473684 0.2069575471698114 0.09375
9 0.23319575471698112 0.1591282894736842 0.2647405660377359 0.22450657894736842
2 0.1164504716981132 0.3223684210526316 0.1267688679245283 0.26315789473684215
2 0.5330188679245284 0.21998355263157893 0.1497641509433963 0.16365131578947364
5 0.5913915094339622 0.4157072368421053 0.1933962264150943 0.25740131578947373
2 0.15919811320754718 0.6681743421052632 0.2193396226415094 0.25246710526315796
0 0.25589622641509435 0.8922697368421053 0.0625 0.13980263157894746
2 0.4793632075471698 0.9564144736842105 0.18278301886792458 0.08388157894736836
4 0.6385613207547169 0.7882401315789473 0.14386792452830188 0.18832236842105265
4 0.6804245283018868 0.5962171052631579 0.22169811320754718 0.14802631578947367
2 0.6919221698113207 0.28536184210526316 0.19988207547169812 0.41776315789473684
3 0.7464622641509434 0.19243421052631576 0.1875 0.21874999999999997
2 0.45076650943396224 0.06990131578947369 0.084316037735849 0.13651315789473686
