0 0.6866155660377358 0.9592927631578947 0.07959905660377353 0.078125
2 0.7216981132075472 0.8787006578947368 0.10731132075471694 0.2014802631578947
2 0.5545400943396226 0.9083059210526316 0.27063679245283023 0.18009868421052622
5 0.7974646226415094 0.6463815789473684 0.18455188679245282 0.2828947368421052
2 0.8461084905660377 0.3877467105263158 0.11674528301886788 0.1866776315789474
2 0.5793042452830188 0.582236842105263 0.2670990566037736 0.13651315789473684
3 0.27535377358490565 0.5530427631578947 0.20165094339622644 0.1587171052631579
2 0.3944575471698113 0.4198190789473685 0.16509433962264147 0.2870065789473684
5 0.3012971698113207 0.22574013157894737 0.10495283018867924 0.23601973684210525
8 0.46255896226415094 0.0727796052631579 0.23290094339622636 0.13898026315789472
