7 0.13295990566037735 0.864720394736842 0.2222877358490566 0.2639802631578948
2 0.3157429245283019 0.8667763157894737 0.1055424528301887 0.26151315789473684
2 0.3245872641509434 0.628700657894737 0.14917452830188677 0.19161184210526316
2 0.4419221698113208 0.908717105263158 0.12558962264150947 0.17763157894736847
2 0.5860849056603774 0.9259868421052632 0.17924528301886788 0.12335526315789469
1 0.6574292452830188 0.670641447368421 0.12028301886792458 0.39884868421052627
2 0.5987617924528301 0.501233552631579 0.1444575471698114 0.3807565789473684
5 0.7732900943396226 0.39925986842105265 0.11497641509433965 0.3511513157894737
1 0.8334316037735849 0.08552631578947369 0.08667452830188682 0.15789473684210528
0 0.5551297169811321 0.15625 0.20813679245283018 0.18092105263157893
0 0.5053066037735849 0.0859375 0.12146226415094336 0.16529605263157893
2 0.4147995283018868 0.04276315789473684 0.0878537735849057 0.08552631578947369
