2 0.6757075471698113 0.2372532894736842 0.2181603773584906 0.11101973684210525
6 0.4923349056603773 0.8338815789473684 0.24882075471698112 0.17763157894736847
2 0.4587264150943396 0.07442434210526315 0.1096698113207547 0.1455592105263158
9 0.5887382075471699 0.10978618421052631 0.1527122641509434 0.21957236842105263
2 0.31987028301886794 0.40254934210526316 0.1668632075471698 0.23273026315789475
0 0.1786556603773585 0.6245888157894737 0.0919811320754717 0.10773026315789469
9 0.31987028301886794 0.7327302631578947 0.15742924528301885 0.24342105263157887
5 0.20754716981132074 0.8963815789473684 0.18278301886792453 0.20230263157894746
0 0.5224056603773585 0.9416118421052632 0.07547169811320753 0.07730263157894735
0 0.5053066037735849 0.7454769736842105 0.08962264150943394 0.14720394736842102
2 0.59375 0.7269736842105263 0.16627358490566047 0.337171052631579
0 0.6727594339622642 0.9333881578947368 0.12146226415094341 0.12828947368421062
2 0.6297169811320755 0.40830592105263164 0.18632075471698106 0.20148026315789475
