0 0.2930424528301887 0.01973684210526316 0.07547169811320759 0.03782894736842105
2 0.4345518867924528 0.0884046052631579 0.25825471698113206 0.1768092105263158
5 0.29952830188679247 0.40254934210526316 0.15683962264150944 0.18996710526315785
0 0.10465801886792453 0.9029605263157895 0.2069575471698113 0.1891447368421053
2 0.22582547169811323 0.9004934210526316 0.11320754716981132 0.19736842105263153
2 0.3717570754716981 0.9432565789473684 0.09139150943396224 0.10855263157894746
9 0.4345518867924528 0.7639802631578947 0.12971698113207547 0.16447368421052633
0 0.6317806603773585 0.9638157894736842 0.04893867924528306 0.06907894736842102
2 0.6889740566037736 0.8622532894736842 0.13974056603773588 0.272203947368421
2 0.7523584905660377 0.8869243421052632 0.1721698113207547 0.22121710526315796
7 0.7252358490566038 0.5978618421052632 0.17688679245283012 0.24506578947368424
5 0.796875 0.5049342105263157 0.1527122641509433 0.3157894736842105
1 0.5928655660377358 0.19366776315789475 0.120872641509434 0.3856907894736842
