0 0.19840801886792453 0.981907894736842 0.04422169811320753 0.03453947368421051
7 0.714622641509434 0.21751644736842105 0.18160377358490565 0.14226973684210525
0 0.37735849056603776 0.01644736842105263 0.08372641509433959 0.03289473684210526
2 0.6506485849056604 0.022203947368421052 0.08077830188679247 0.044407894736842105
0 0.3160377358490566 0.022203947368421052 0.029481132075471705 0.04111842105263158
7 0.25176886792452835 0.49629934210526316 0.12617924528301888 0.18009868421052633
1 0.5884433962264151 0.42434210526315785 0.1639150943396227 0.10032894736842107
9 0.3590801886792453 0.8741776315789473 0.107311320754717 0.16776315789473684
0 0.08844339622641509 0.915296052631579 0.10259433962264151 0.09703947368421051
2 0.7679834905660378 0.9083059210526316 0.1444575471698113 0.17680921052631582
5 0.7393867924528301 0.6689967105263157 0.1485849056603773 0.22450657894736847
2 0.5256485849056604 0.635279605263158 0.24351415094339623 0.21628289473684215
1 0.6650943396226414 0.6052631578947368 0.1839622641509434 0.3042763157894737
6 0.6132075471698113 0.47286184210526316 0.17334905660377364 0.1381578947368421
2 0.78125 0.34991776315789475 0.12971698113207553 0.1685855263157895
2 0.17511792452830188 0.21710526315789475 0.16509433962264153 0.368421052631579
