6 0.7143278301886793 0.18585526315789475 0.16922169811320753 0.2582236842105263
5 0.7390919811320755 0.45600328947368424 0.09375 0.2310855263157895
1 0.7069575471698113 0.6875 0.0778301886792453 0.2450657894736843
2 0.7054834905660377 0.8795230263157895 0.18573113207547165 0.21628289473684204
2 0.4637382075471699 0.7541118421052632 0.08195754716981135 0.2779605263157894
7 0.36969339622641506 0.814967105263158 0.12617924528301888 0.17434210526315785
0 0.10819575471698113 0.7853618421052632 0.19870283018867926 0.1924342105263157
7 0.38620283018867924 0.653782894736842 0.13797169811320753 0.16611842105263153
6 0.5778301886792453 0.6056743421052632 0.232311320754717 0.4300986842105263
4 0.3225235849056604 0.5361842105263158 0.23466981132075473 0.17763157894736842
7 0.15241745283018868 0.4251644736842105 0.1892688679245283 0.21875
0 0.6423938679245282 0.1299342105263158 0.0784198113207547 0.09539473684210525
2 0.24380896226415094 0.04564144736842105 0.16214622641509435 0.0912828947368421
2 0.5 0.06578947368421054 0.22405660377358494 0.125
