0 0.832252358490566 0.04851973684210526 0.08077830188679247 0.09703947368421052
2 0.7933372641509434 0.09950657894736842 0.15742924528301883 0.19572368421052633
0 0.23850235849056603 0.0962171052631579 0.2517688679245283 0.17598684210526314
9 0.32281839622641506 0.20559210526315788 0.16686320754716982 0.22368421052631576
4 0.44781839622641506 0.19161184210526314 0.09610849056603771 0.3536184210526316
2 0.5244693396226415 0.0678453947368421 0.20459905660377364 0.13404605263157895
2 0.5716391509433962 0.28207236842105265 0.20341981132075465 0.2664473684210526
3 0.2665094339622641 0.4761513157894737 0.12382075471698112 0.28289473684210525
2 0.41597877358490565 0.614720394736842 0.20931603773584911 0.12746710526315785
0 0.3242924528301887 0.9535361842105263 0.1580188679245283 0.09128289473684204
2 0.5916863207547169 0.9169407894736842 0.15389150943396224 0.16447368421052633
2 0.5371462264150944 0.7685032894736843 0.21344339622641512 0.1751644736842105
5 0.6214622641509433 0.6175986842105263 0.16627358490566035 0.1875
2 0.7399764150943396 0.8943256578947368 0.09905660377358494 0.2080592105263157
2 0.7222877358490566 0.8264802631578947 0.19221698113207553 0.2828947368421052
2 0.7249410377358491 0.7080592105263158 0.11025943396226423 0.1578947368421053
7 0.8381485849056604 0.760279605263158 0.11969339622641506 0.2623355263157895
7 0.6571344339622642 0.49588815789473684 0.12205188679245282 0.13322368421052633
0 0.21049528301886794 0.013569078947368422 0.06603773584905662 0.027138157894736843
