5 0.6076061320754718 0.90625 0.183372641509434 0.1858552631578947
0 0.6279481132075472 0.9745065789473684 0.08254716981132071 0.047697368421052544
2 0.5232900943396226 0.8704769736842105 0.10200471698113212 0.25575657894736836
2 0.3714622641509434 0.9091282894736842 0.2169811320754717 0.1702302631578947
0 0.13797169811320756 0.8083881578947368 0.03301886792452831 0.049342105263157965
2 0.22788915094339623 0.8326480263157894 0.21992924528301885 0.1998355263157895
4 0.43956367924528306 0.618421052631579 0.24587264150943394 0.2220394736842105
2 0.5521816037735849 0.376233552631579 0.23761792452830194 0.2886513157894737
0 0.7367334905660378 0.2701480263157895 0.08903301886792447 0.07319078947368421
6 0.6146816037735849 0.1361019736842105 0.46875000000000006 0.2689144736842105
