2 0.13060141509433962 0.7401315789473684 0.19988207547169812 0.3963815789473685
0 0.3626179245283019 0.6912006578947368 0.11556603773584906 0.19325657894736836
9 0.522995283018868 0.12294407894736842 0.2700471698113208 0.24259868421052633
0 0.6674528301886793 0.2767269736842105 0.14504716981132082 0.1241776315789474
3 0.5625 0.4136513157894737 0.1391509433962264 0.375
2 0.7382075471698113 0.5382401315789473 0.21226415094339623 0.20641447368421056
0 0.5159198113207547 0.6295230263157895 0.13797169811320753 0.234375
0 0.4363207547169811 0.5785361842105263 0.09080188679245282 0.10608552631578949
3 0.3599646226415094 0.501233552631579 0.2482311320754717 0.24259868421052638
0 0.7382075471698113 0.7907072368421053 0.18867924528301883 0.24753289473684215
0 0.6506485849056605 0.9424342105263157 0.066627358490566 0.11348684210526316
0 0.694870283018868 0.9560032894736842 0.08431603773584906 0.08634868421052633
0 0.6686320754716981 0.865953947368421 0.02594339622641506 0.07401315789473684
0 0.5984669811320755 0.9342105263157894 0.06839622641509424 0.1282894736842105
0 0.3602594339622641 0.977796052631579 0.0566037735849057 0.042763157894736836
