0 0.6866155660377359 0.4987664473684211 0.6255896226415094 0.9958881578947368
2 0.42777122641509435 0.9827302631578947 0.15625 0.0296052631578948
5 0.25 0.8458059210526316 0.1285377358490566 0.30345394736842113
2 0.15123820754716982 0.9058388157894737 0.1338443396226415 0.18667763157894735
7 0.1721698113207547 0.729029605263158 0.1768867924528302 0.27220394736842113
3 0.39711084905660377 0.731907894736842 0.11143867924528306 0.20065789473684215
2 0.4849646226415094 0.5345394736842105 0.10908018867924535 0.27138157894736836
6 0.3794221698113207 0.4280427631578948 0.16450471698113206 0.24095394736842107
7 0.171875 0.31085526315789475 0.183372641509434 0.2730263157894737
0 0.02830188679245283 0.296875 0.05660377358490566 0.13980263157894735
2 0.38295990566037735 0.21175986842105263 0.07134433962264153 0.1258223684210526
0 0.12234669811320756 0.07976973684210527 0.08903301886792454 0.15953947368421054
