2 0.11733490566037735 0.342516447368421 0.23113207547169812 0.20148026315789475
1 0.7243514150943396 0.11513157894736842 0.06191037735849059 0.22697368421052633
2 0.386497641509434 0.12870065789473684 0.17275943396226418 0.13075657894736842
1 0.40860849056603776 0.3885690789473684 0.2617924528301887 0.2310855263157895
6 0.6736438679245282 0.46463815789473684 0.19870283018867918 0.381578947368421
5 0.5023584905660378 0.6270559210526316 0.19575471698113206 0.25246710526315785
2 0.7836084905660377 0.8943256578947368 0.22051886792452835 0.20970394736842102
2 0.6468160377358491 0.9337993421052632 0.10731132075471694 0.09128289473684204
3 0.5395047169811321 0.9041940789473684 0.1391509433962264 0.18996710526315785
2 0.43160377358490565 0.9527138157894737 0.13915094339622636 0.09128289473684204
0 0.1096698113207547 0.920641447368421 0.1391509433962264 0.15378289473684215
