2 0.8540683962264151 0.907483552631579 0.15153301886792458 0.18174342105263153
0 0.7284787735849056 0.9605263157894737 0.08667452830188682 0.07565789473684204
2 0.7385023584905661 0.8355263157894737 0.1173349056603773 0.20394736842105265
7 0.6264740566037736 0.3363486842105263 0.11143867924528295 0.2319078947368421
2 0.6886792452830188 0.24054276315789475 0.12264150943396224 0.3199013157894737
2 0.8010023584905661 0.16447368421052633 0.09021226415094341 0.2154605263157895
0 0.4525353773584906 0.9041940789473684 0.11851415094339623 0.18667763157894746
5 0.33785377358490565 0.2833059210526316 0.1568396226415094 0.11759868421052633
0 0.19428066037735847 0.8046875 0.09139150943396226 0.1702302631578947
7 0.20725235849056606 0.594983552631579 0.2376179245283019 0.3067434210526315
8 0.4254127358490566 0.5916940789473685 0.08903301886792453 0.24095394736842107
8 0.5828419811320755 0.11636513157894737 0.0819575471698114 0.23273026315789475
4 0.2815448113207547 0.09662828947368421 0.12205188679245282 0.18832236842105265
7 0.19840801886792453 0.10238486842105263 0.09610849056603774 0.1274671052631579
