2 0.5952240566037736 0.14185855263157895 0.1409198113207547 0.2162828947368421
5 0.8693985849056604 0.453125 0.13148584905660377 0.3009868421052631
7 0.8576061320754718 0.7730263157894737 0.059551886792452824 0.1266447368421053
2 0.6017099056603774 0.9736842105263157 0.06898584905660377 0.049342105263157854
2 0.5212264150943396 0.9683388157894737 0.08608490566037741 0.060032894736842035
7 0.4369103773584906 0.8573190789473684 0.17216981132075465 0.2754934210526315
2 0.31839622641509435 0.5999177631578947 0.1827830188679245 0.2376644736842105
5 0.30571933962264153 0.685032894736842 0.13856132075471697 0.2598684210526315
7 0.18366745283018868 0.5921052631578947 0.13384433962264147 0.16282894736842113
7 0.06898584905660377 0.5386513157894737 0.09198113207547169 0.1365131578947369
2 0.2399764150943396 0.14021381578947367 0.14033018867924527 0.27713815789473684
