0 0.15389150943396226 0.07154605263157894 0.042452830188679236 0.041118421052631575
0 0.3991745283018868 0.6895559210526316 0.13679245283018865 0.17845394736842113
2 0.3581957547169811 0.1529605263157895 0.27889150943396224 0.26480263157894735
0 0.5235849056603773 0.0884046052631579 0.07429245283018865 0.12253289473684212
6 0.2862617924528302 0.3725328947368421 0.1963443396226415 0.21875
7 0.3425707547169812 0.541529605263158 0.1580188679245283 0.19325657894736847
7 0.28744103773584906 0.655016447368421 0.12912735849056603 0.1998355263157895
0 0.2205188679245283 0.7166940789473684 0.055424528301886794 0.10115131578947378
2 0.4094929245283019 0.8877467105263157 0.13738207547169812 0.22286184210526316
0 0.9793632075471699 0.8466282894736843 0.04009433962264153 0.09950657894736847
4 0.5681014150943395 0.522203947368421 0.14799528301886788 0.2861842105263158
6 0.6370872641509434 0.4946546052631579 0.13030660377358494 0.17680921052631582
8 0.5427476415094339 0.19325657894736842 0.20459905660377353 0.1546052631578947
2 0.636497641509434 0.28536184210526316 0.13738207547169812 0.26644736842105265
5 0.711379716981132 0.140625 0.15860849056603776 0.2796052631578947
5 0.839622641509434 0.10526315789473684 0.13089622641509435 0.18914473684210525
0 0.24086084905660377 0.08470394736842105 0.09257075471698115 0.16776315789473684
