1 0.7470518867924528 0.21998355263157895 0.19221698113207553 0.13898026315789475
0 0.27505896226415094 0.696546052631579 0.08903301886792456 0.14802631578947367
0 0.4330778301886793 0.1455592105263158 0.09257075471698112 0.1743421052631579
0 0.5860849056603774 0.039473684210526314 0.15683962264150952 0.07894736842105263
0 0.5179834905660377 0.4370888157894737 0.17275943396226412 0.25575657894736836
0 0.298938679245283 0.5328947368421053 0.09669811320754718 0.1266447368421052
2 0.2237617924528302 0.8601973684210527 0.1857311320754717 0.13980263157894735
2 0.6438679245283019 0.3482730263157895 0.11556603773584906 0.20970394736842105
2 0.46079009433962265 0.9469572368421053 0.18455188679245282 0.10115131578947367
2 0.6586084905660378 0.8836348684210527 0.14386792452830188 0.2310855263157895
0 0.7019457547169812 0.9757401315789473 0.06780660377358483 0.046875
0 0.8720518867924528 0.9810855263157895 0.08962264150943389 0.03289473684210531
2 0.7287735849056604 0.4535361842105263 0.3242924528301887 0.3412828947368421
