5 0.42836084905660377 0.09087171052631578 0.18219339622641506 0.1768092105263158
2 0.5672169811320755 0.07442434210526315 0.15094339622641512 0.14720394736842105
0 0.4690448113207547 0.3268914473684211 0.03007075471698112 0.06990131578947367
2 0.5224056603773585 0.3486842105263158 0.12382075471698112 0.3355263157894737
9 0.5798938679245282 0.47286184210526316 0.10790094339622647 0.2203947368421053
2 0.7623820754716981 0.4358552631578947 0.15330188679245282 0.1414473684210526
2 0.486438679245283 0.6402138157894737 0.23584905660377353 0.09786184210526316
7 0.8192806603773586 0.8030427631578947 0.09610849056603776 0.13569078947368418
0 0.6966391509433962 0.8330592105263158 0.12087264150943389 0.16447368421052633
0 0.6530070754716981 0.9679276315789473 0.09257075471698117 0.06085526315789469
4 0.10731132075471699 0.5555098684210527 0.20872641509433962 0.3001644736842105
7 0.14298349056603774 0.759046052631579 0.08549528301886793 0.1266447368421052
2 0.1807193396226415 0.8577302631578947 0.16096698113207547 0.2483552631578948
