0 0.6925117924528301 0.6467927631578947 0.06073113207547165 0.15871710526315785
2 0.7632665094339623 0.7569901315789473 0.19752358490566035 0.4564144736842105
2 0.5518867924528301 0.8741776315789473 0.089622641509434 0.08881578947368418
2 0.4516509433962264 0.834703947368421 0.2028301886792453 0.32894736842105265
0 0.09522405660377359 0.7388980263157895 0.13030660377358488 0.14884868421052633
2 0.4805424528301887 0.5970394736842105 0.2629716981132076 0.22039473684210525
5 0.5551297169811321 0.5094572368421053 0.14563679245283018 0.15871710526315785
2 0.6816037735849056 0.4037828947368421 0.12028301886792447 0.2828947368421052
3 0.6040683962264151 0.19777960526315788 0.2152122641509434 0.2754934210526316
2 0.48968160377358494 0.04194078947368421 0.17393867924528306 0.08388157894736842
9 0.26297169811320753 0.24958881578947367 0.1568396226415094 0.23108552631578946
