3 0.39770047169811323 0.10567434210526315 0.14681603773584906 0.1768092105263158
0 0.32576650943396224 0.2232730263157895 0.03007075471698112 0.030427631578947373
2 0.29422169811320753 0.06414473684210527 0.21816037735849056 0.12828947368421054
3 0.30719339622641506 0.14761513157894737 0.18396226415094338 0.13075657894736842
3 0.4077240566037736 0.22779605263157893 0.13738207547169812 0.17269736842105263
0 0.7090212264150944 0.21217105263157895 0.14327830188679247 0.18256578947368424
2 0.32134433962264153 0.405016447368421 0.11556603773584906 0.24259868421052627
2 0.7432193396226414 0.842516447368421 0.15860849056603776 0.31003289473684215
2 0.5875589622641509 0.854029605263158 0.228183962264151 0.24588815789473684
0 0.4669811320754717 0.9683388157894737 0.14150943396226412 0.061677631578947345
3 0.32606132075471694 0.8297697368421053 0.12264150943396229 0.3388157894736842
