7 0.6674528301886793 0.736842105263158 0.15448113207547165 0.0953947368421052
7 0.6698113207547169 0.903782894736842 0.09669811320754718 0.11348684210526316
8 0.5256485849056604 0.8125 0.08549528301886794 0.2532894736842106
2 0.41362028301886794 0.9523026315789473 0.17747641509433965 0.09375
2 0.21137971698113206 0.8166118421052632 0.1338443396226415 0.2894736842105263
0 0.09610849056603774 0.6163651315789473 0.1391509433962264 0.21957236842105265
7 0.3938679245283019 0.6957236842105263 0.1367924528301887 0.21052631578947367
7 0.507370283018868 0.6073190789473684 0.11969339622641517 0.1439144736842105
8 0.35465801886792453 0.36883223684210525 0.20577830188679247 0.140625
7 0.34109669811320753 0.31332236842105265 0.15625 0.2138157894736842
2 0.5854952830188679 0.09087171052631579 0.1132075471698113 0.18174342105263158
