5 0.7594339622641509 0.09333881578947367 0.2228773584905661 0.18174342105263158
1 0.6872051886792453 0.22327302631578946 0.19280660377358494 0.17680921052631576
2 0.8422759433962264 0.6287006578947368 0.11025943396226412 0.22121710526315796
2 0.6297169811320755 0.9588815789473684 0.06485849056603776 0.07894736842105254
2 0.3266509433962264 0.9486019736842106 0.0625 0.09786184210526316
8 0.48997641509433965 0.6595394736842105 0.08608490566037741 0.2796052631578947
2 0.1636202830188679 0.8013980263157894 0.23879716981132076 0.16694078947368418
0 0.011202830188679245 0.3980263157894737 0.02240566037735849 0.08881578947368418
2 0.3755896226415094 0.2997532894736842 0.15566037735849053 0.19325657894736842
1 0.2429245283018868 0.3466282894736842 0.13207547169811323 0.3511513157894737
0 0.4946933962264151 0.41570723684210525 0.05188679245283023 0.06332236842105265
2 0.47759433962264153 0.28495065789473684 0.15919811320754712 0.19983552631578946
2 0.5421580188679245 0.0703125 0.22346698113207547 0.140625
