8 0.6223466981132075 0.27425986842105265 0.2788915094339623 0.20805921052631576
7 0.18808962264150944 0.9202302631578947 0.18867924528301888 0.15625
1 0.519752358490566 0.9325657894736843 0.17511792452830183 0.12993421052631582
0 0.6527122641509434 0.739720394736842 0.1639150943396226 0.2870065789473685
3 0.3195754716981132 0.736842105263158 0.1650943396226415 0.2598684210526315
2 0.40860849056603776 0.5394736842105263 0.19339622641509435 0.25493421052631576
0 0.5557193396226414 0.4527138157894737 0.10318396226415094 0.14720394736842102
2 0.33018867924528306 0.28495065789473684 0.22287735849056606 0.16365131578947367
0 0.5566037735849056 0.013569078947368422 0.03891509433962259 0.027138157894736843
2 0.49115566037735847 0.08552631578947369 0.08844339622641506 0.16776315789473686
