3 0.7458726415094339 0.07401315789473684 0.12146226415094341 0.14638157894736842
2 0.3900353773584906 0.0834703947368421 0.11969339622641512 0.16529605263157895
1 0.33696933962264153 0.3174342105263158 0.1420990566037736 0.34210526315789475
0 0.2641509433962264 0.3873355263157895 0.028301886792452824 0.08881578947368424
0 0.38885613207547165 0.45641447368421056 0.16686320754716982 0.19243421052631582
2 0.5274174528301887 0.3848684210526316 0.16686320754716977 0.2779605263157895
0 0.6565448113207547 0.3203125 0.05483490566037741 0.05180921052631582
2 0.6612617924528301 0.4066611842105263 0.183372641509434 0.18667763157894735
1 0.542747641509434 0.5407072368421053 0.23879716981132076 0.23437500000000006
0 0.34905660377358494 0.8955592105263157 0.08962264150943394 0.20723684210526316
0 0.30277122641509435 0.8926809210526316 0.03125 0.14555921052631582
0 0.5507075471698113 0.9650493421052632 0.12028301886792447 0.06825657894736836
0 0.6441627358490567 0.967516447368421 0.13502358490566035 0.061677631578947345
3 0.6320754716981132 0.8836348684210527 0.2747641509433962 0.15213815789473684
0 0.7564858490566038 0.9473684210526316 0.16863207547169812 0.10361842105263153
0 0.7169811320754718 0.7701480263157895 0.1096698113207547 0.15871710526315796
2 0.5362617924528301 0.696546052631579 0.15860849056603776 0.23190789473684215
3 0.6600825471698113 0.662828947368421 0.1090801886792453 0.3601973684210526
0 0.3142688679245283 0.020970394736842108 0.037735849056603765 0.04029605263157895
