2 0.6724646226415094 0.5674342105263157 0.09610849056603776 0.1907894736842105
2 0.578125 0.888157894736842 0.12087264150943389 0.2220394736842105
7 0.24233490566037735 0.8963815789473684 0.1804245283018868 0.19572368421052622
0 0.45076650943396224 0.7775493421052632 0.17275943396226418 0.290296052631579
3 0.355247641509434 0.657483552631579 0.22346698113207547 0.18667763157894735
2 0.22199292452830188 0.5106907894736843 0.17511792452830188 0.26315789473684215
2 0.2827240566037736 0.31866776315789475 0.2612028301886793 0.1981907894736842
5 0.2706367924528302 0.14268092105263158 0.13207547169811318 0.28371710526315785
2 0.5117924528301887 0.09087171052631579 0.17099056603773582 0.18174342105263158
2 0.5512971698113207 0.04276315789473684 0.12146226415094341 0.08388157894736843
