0 0.7644457547169812 0.01644736842105263 0.052476415094339646 0.02960526315789474
9 0.45813679245283023 0.4469572368421053 0.13797169811320759 0.22615131578947373
7 0.3405070754716981 0.3129111842105263 0.14681603773584906 0.3314144736842105
9 0.6282429245283019 0.08675986842105263 0.16096698113207553 0.17351973684210525
2 0.6090801886792453 0.31332236842105265 0.2936320754716981 0.25493421052631576
5 0.5504127358490566 0.44777960526315785 0.10082547169811318 0.18009868421052627
2 0.6076061320754716 0.6295230263157894 0.15625 0.22944078947368418
2 0.7305424528301887 0.6768092105263157 0.10495283018867929 0.2861842105263158
0 0.3555424528301887 0.979029605263158 0.06721698113207547 0.04029605263157887
9 0.3711674528301887 0.9054276315789473 0.09610849056603771 0.1282894736842105
2 0.8107311320754718 0.9095394736842105 0.14622641509433965 0.17927631578947367
0 0.3876768867924528 0.05879934210526316 0.14681603773584906 0.11759868421052631
