6 0.8316627358490566 0.43667763157894735 0.1326650943396226 0.3125
0 0.8605542452830188 0.75 0.04775943396226412 0.049342105263157965
2 0.8517099056603774 0.8597861842105263 0.16568396226415094 0.2327302631578947
0 0.7815448113207547 0.966282894736842 0.11969339622641506 0.06578947368421051
2 0.3242924528301887 0.8688322368421053 0.107311320754717 0.25904605263157887
8 0.5050117924528302 0.8902138157894737 0.1267688679245283 0.11266447368421051
7 0.5165094339622641 0.7425986842105263 0.1757075471698113 0.23519736842105265
2 0.6503537735849056 0.4732730263157895 0.08962264150943389 0.37582236842105265
5 0.20194575471698112 0.643092105263158 0.17747641509433962 0.1907894736842105
2 0.40182783018867924 0.53125 0.16332547169811318 0.2055921052631579
3 0.43219339622641506 0.34539473684210525 0.2877358490566037 0.17269736842105265
2 0.5731132075471698 0.06702302631578948 0.18749999999999994 0.1324013157894737
