5 0.6889740566037736 0.8861019736842106 0.13384433962264153 0.22286184210526316
2 0.6196933962264151 0.822779605263158 0.09551886792452835 0.1685855263157895
0 0.4964622641509434 0.6558388157894737 0.054245283018867996 0.203125
1 0.48584905660377353 0.47286184210526316 0.14386792452830183 0.18421052631578944
7 0.34640330188679247 0.4391447368421052 0.14799528301886794 0.2039473684210526
2 0.5607311320754718 0.2668585526315789 0.12264150943396224 0.17187499999999997
2 0.5035377358490566 0.3215460526315789 0.07311320754716982 0.28125
2 0.660377358490566 0.10773026315789473 0.11202830188679247 0.2138157894736842
0 0.38413915094339623 0.22039473684210525 0.09492924528301888 0.17598684210526316
2 0.2016509433962264 0.1953125 0.13797169811320753 0.2935855263157895
