2 0.7520636792452831 0.7742598684210527 0.08549528301886788 0.1389802631578947
0 0.34610849056603776 0.26932565789473684 0.1662735849056604 0.27713815789473684
5 0.38620283018867924 0.7294407894736843 0.17806603773584906 0.2763157894736842
3 0.6002358490566038 0.665296052631579 0.1757075471698113 0.3157894736842105
7 0.10731132075471699 0.4749177631578947 0.12382075471698115 0.18174342105263158
2 0.09699292452830188 0.33963815789473684 0.1892688679245283 0.3421052631578947
0 0.17275943396226415 0.2475328947368421 0.13443396226415094 0.14638157894736845
0 0.11998820754716982 0.06990131578947369 0.08313679245283019 0.12006578947368421
5 0.5023584905660378 0.48273026315789475 0.1816037735849057 0.2845394736842105
2 0.7446933962264151 0.5892269736842105 0.11910377358490565 0.22944078947368424
9 0.6311910377358491 0.3852796052631579 0.15035377358490565 0.2310855263157895
2 0.5801886792452831 0.3022203947368421 0.16509433962264153 0.1175986842105263
2 0.6966391509433962 0.08552631578947367 0.20813679245283012 0.16611842105263158
5 0.4484080188679245 0.07072368421052631 0.19280660377358488 0.14144736842105263
0 0.47641509433962265 0.13240131578947367 0.05306603773584906 0.14967105263157895
0 0.6017099056603774 0.02837171052631579 0.1090801886792453 0.055098684210526314
0 0.4681603773584906 0.9876644736842106 0.06721698113207553 0.019736842105263164
