2 0.7060731132075472 0.865953947368421 0.18101415094339623 0.19736842105263153
2 0.7446933962264151 0.9412006578947368 0.2511792452830188 0.11266447368421062
2 0.5946344339622641 0.8326480263157894 0.19162735849056606 0.3330592105263158
0 0.5250589622641509 0.9629934210526316 0.08549528301886794 0.06743421052631582
0 0.30984669811320753 0.8264802631578947 0.12676886792452832 0.2220394736842105
0 0.2606132075471698 0.9449013157894737 0.09787735849056603 0.10855263157894735
0 0.1494693396226415 0.9666940789473684 0.05247641509433963 0.058388157894736836
5 0.17924528301886794 0.8745888157894737 0.10023584905660379 0.24588815789473684
2 0.6158608490566038 0.4473684210526316 0.13502358490566047 0.15131578947368418
0 0.2915683962264151 0.4350328947368421 0.31898584905660377 0.1282894736842105
0 0.3440448113207547 0.023026315789473683 0.11025943396226412 0.046052631578947366
