5 0.8443396226415094 0.6624177631578947 0.11792452830188682 0.20805921052631582
4 0.47140330188679247 0.700657894736842 0.2541273584905661 0.2203947368421052
2 0.5716391509433962 0.04810855263157895 0.10436320754716988 0.09292763157894736
1 0.680129716981132 0.2520559210526316 0.1527122641509434 0.46463815789473684
3 0.3127948113207547 0.44613486842105265 0.11497641509433965 0.29523026315789475
1 0.2202240566037736 0.5982730263157895 0.08195754716981132 0.19983552631578944
0 0.41214622641509435 0.4921875 0.12971698113207547 0.1291118421052631
0 0.5344929245283019 0.6299342105263157 0.14681603773584911 0.10690789473684215
1 0.8499410377358491 0.5230263157894737 0.12794811320754707 0.18421052631578955
0 0.2918632075471698 0.8145559210526315 0.16981132075471697 0.203125
6 0.3800117924528302 0.8704769736842105 0.13502358490566035 0.25575657894736836
5 0.6936910377358491 0.9354440789473684 0.11025943396226423 0.12582236842105254
2 0.5984669811320755 0.40337171052631576 0.13915094339622647 0.25246710526315785
4 0.1839622641509434 0.06085526315789473 0.23113207547169812 0.11513157894736842
