2 0.7821344339622642 0.06044407894736842 0.12794811320754718 0.12088815789473684
2 0.5642688679245282 0.9736842105263158 0.05306603773584906 0.047697368421052655
0 0.6070165094339623 0.9136513157894737 0.10790094339622647 0.16776315789473684
3 0.40153301886792453 0.8342927631578947 0.18632075471698117 0.3264802631578948
2 0.4858490566037736 0.613075657894737 0.11556603773584906 0.19161184210526316
9 0.5993514150943396 0.5172697368421053 0.17040094339622636 0.15131578947368418
2 0.3110259433962264 0.6163651315789473 0.19634433962264153 0.4383223684210526
0 0.2980542452830189 0.46175986842105265 0.1090801886792453 0.19983552631578944
2 0.16126179245283018 0.6040296052631579 0.15625 0.109375
2 0.47877358490566035 0.2705592105263158 0.19221698113207547 0.23026315789473686
1 0.47788915094339623 0.12705592105263158 0.2954009433962264 0.25411184210526316
