1 0.7827240566037736 0.05592105263157895 0.16450471698113212 0.10855263157894736
7 0.6992924528301887 0.07976973684210527 0.20400943396226412 0.15953947368421054
2 0.4168632075471698 0.4827302631578947 0.29127358490566035 0.18914473684210525
7 0.1627358490566038 0.3745888157894737 0.19811320754716982 0.2376644736842105
2 0.279186320754717 0.3001644736842105 0.22464622641509435 0.15296052631578946
0 0.5365566037735849 0.0234375 0.0778301886792453 0.046875
2 0.2340801886792453 0.1513157894736842 0.14386792452830188 0.13980263157894735
2 0.35170990566037735 0.09333881578947369 0.1527122641509434 0.18667763157894737
2 0.6488797169811321 0.23601973684210528 0.09375 0.2993421052631579
2 0.2673938679245283 0.11430921052631579 0.15507075471698115 0.22861842105263158
