0 0.8092570754716981 0.038240131578947366 0.11025943396226423 0.07648026315789473
0 0.714622641509434 0.07483552631578948 0.08844339622641506 0.14967105263157895
0 0.5884433962264151 0.01850328947368421 0.07311320754716977 0.03700657894736842
1 0.6329599056603774 0.10608552631578948 0.15035377358490576 0.2105263157894737
2 0.7670990566037736 0.3170230263157895 0.25943396226415094 0.23601973684210525
0 0.6574292452830188 0.954358552631579 0.18867924528301894 0.08963815789473684
2 0.5150353773584906 0.8766447368421053 0.066627358490566 0.1858552631578948
2 0.2308372641509434 0.6907894736842105 0.13384433962264153 0.17434210526315796
2 0.5495283018867925 0.3063322368421053 0.179245283018868 0.1899671052631579
2 0.39858490566037735 0.26973684210526316 0.13561320754716977 0.21875
7 0.28950471698113206 0.02549342105263158 0.10023584905660377 0.05098684210526316
