0 0.6963443396226414 0.011924342105263159 0.041273584905660354 0.023848684210526317
3 0.33402122641509435 0.07894736842105263 0.09139150943396224 0.15460526315789475
7 0.38472877358490565 0.8663651315789473 0.1680424528301887 0.21628289473684215
6 0.6544811320754718 0.8626644736842106 0.29481132075471705 0.26973684210526316
7 0.7915683962264151 0.619654605263158 0.13974056603773588 0.16529605263157887
1 0.47818396226415094 0.5020559210526315 0.08490566037735853 0.11759868421052627
6 0.554245283018868 0.618421052631579 0.13915094339622647 0.23355263157894735
3 0.663620283018868 0.524671052631579 0.191627358490566 0.1266447368421052
0 0.20636792452830188 0.5361842105263158 0.044811320754717 0.12335526315789475
1 0.7526533018867925 0.3388157894736842 0.23290094339622636 0.27960526315789475
9 0.5934551886792453 0.36348684210526316 0.15389150943396235 0.14309210526315785
2 0.6768867924528301 0.20559210526315788 0.11792452830188671 0.25164473684210525
7 0.23496462264150944 0.9658717105263157 0.11379716981132076 0.06661184210526316
