2 0.41538915094339623 0.06661184210526315 0.0819575471698113 0.13157894736842105
2 0.3517099056603774 0.1640625 0.07959905660377359 0.2919407894736842
2 0.5020636792452831 0.18092105263157895 0.12087264150943394 0.1430921052631579
2 0.5810731132075472 0.125 0.06426886792452824 0.14802631578947367
2 0.4404481132075472 0.26192434210526316 0.06839622641509435 0.14226973684210523
0 0.4808372641509434 0.2631578947368421 0.04775943396226423 0.0707236842105263
0 0.5654481132075472 0.2347861842105263 0.29834905660377364 0.4350328947368421
2 0.5165094339622641 0.44449013157894735 0.08254716981132071 0.1899671052631579
0 0.6709905660377359 0.011101973684210526 0.1674528301886793 0.022203947368421052
2 0.7367334905660377 0.1981907894736842 0.14681603773584906 0.3026315789473684
2 0.7526533018867925 0.5703125 0.23997641509433965 0.2771381578947369
3 0.5990566037735849 0.7561677631578947 0.11084905660377353 0.2557565789473685
3 0.5840212264150944 0.5797697368421053 0.07959905660377364 0.14638157894736847
1 0.5324292452830188 0.5756578947368421 0.044811320754717054 0.15625000000000006
1 0.6503537735849056 0.6373355263157894 0.13089622641509435 0.24506578947368418
2 0.5392099056603774 0.7738486842105263 0.0701650943396227 0.22861842105263164
4 0.3873820754716981 0.3922697368421053 0.16509433962264153 0.15460526315789475
2 0.4044811320754717 0.515625 0.15094339622641506 0.2911184210526316
3 0.4516509433962264 0.666529605263158 0.11556603773584906 0.2557565789473685
2 0.2190448113207547 0.9576480263157894 0.21285377358490565 0.08141447368421051
7 0.41509433962264153 0.8548519736842105 0.18042452830188682 0.16365131578947367
0 0.6140919811320755 0.8976151315789473 0.04422169811320764 0.07154605263157898
2 0.21875 0.11060855263157894 0.11556603773584906 0.21628289473684212
