0 0.16273584905660377 0.4535361842105263 0.05306603773584906 0.09128289473684209
2 0.28685141509433965 0.4592927631578948 0.2045990566037736 0.24095394736842107
0 0.15035377358490565 0.7027138157894737 0.04481132075471697 0.1356907894736843
7 0.10112028301886793 0.876233552631579 0.10554245283018868 0.1077302631578948
0 0.4330778301886793 0.9547697368421053 0.14563679245283018 0.08717105263157887
2 0.40860849056603776 0.7783717105263158 0.21344339622641512 0.21134868421052633
0 0.5610259433962264 0.6768092105263158 0.09257075471698106 0.14144736842105265
2 0.5725235849056604 0.53125 0.23702830188679241 0.3667763157894737
4 0.3991745283018868 0.40995065789473684 0.11084905660377359 0.3149671052631579
2 0.711379716981132 0.11842105263157894 0.14563679245283023 0.23519736842105263
5 0.32193396226415094 0.01768092105263158 0.18278301886792456 0.03536184210526316
