2 0.5669221698113207 0.696546052631579 0.12676886792452835 0.09868421052631582
2 0.5456957547169812 0.9276315789473684 0.13502358490566035 0.12993421052631582
1 0.5734080188679245 0.813733552631579 0.28124999999999994 0.25246710526315785
1 0.5244693396226415 0.5834703947368421 0.09964622641509435 0.17187500000000006
0 0.37942216981132076 0.39679276315789475 0.22464622641509435 0.13569078947368418
9 0.3637971698113207 0.6435032894736842 0.19811320754716982 0.234375
2 0.2358490566037736 0.020148026315789474 0.08372641509433965 0.04029605263157895
0 0.1022995283018868 0.06578947368421054 0.13384433962264153 0.125
0 0.247936320754717 0.1763980263157895 0.1939858490566038 0.21463815789473684
2 0.6535966981132075 0.1015625 0.11143867924528306 0.203125
