5 0.8287146226415094 0.14021381578947367 0.17275943396226412 0.2113486842105263
3 0.7299528301886793 0.3034539473684211 0.19811320754716977 0.18750000000000003
2 0.4251179245283019 0.027138157894736843 0.1367924528301887 0.054276315789473686
2 0.423938679245283 0.2857730263157895 0.15448113207547165 0.18996710526315788
0 0.36409198113207547 0.3889802631578947 0.14681603773584906 0.25164473684210525
2 0.1851415094339623 0.5945723684210527 0.2063679245283019 0.1546052631578947
2 0.3092570754716981 0.859375 0.14681603773584906 0.2796052631578947
2 0.5657429245283019 0.9103618421052632 0.1255896226415094 0.17434210526315796
1 0.5448113207547169 0.609375 0.10377358490566041 0.381578947368421
2 0.6202830188679245 0.5439967105263158 0.09669811320754718 0.13404605263157898
2 0.5268278301886793 0.5131578947368421 0.030070754716981063 0.05263157894736842
2 0.8001179245283019 0.928453947368421 0.09905660377358494 0.14144736842105265
5 0.6674528301886793 0.6936677631578947 0.20165094339622647 0.15542763157894746
2 0.836379716981132 0.5435855263157895 0.1715801886792453 0.31578947368421045
