6 0.6925117924528301 0.18092105263157895 0.25884433962264153 0.3618421052631579
2 0.30984669811320753 0.8363486842105263 0.15624999999999997 0.32565789473684204
0 0.3127948113207547 0.1611842105263158 0.09492924528301888 0.1743421052631579
2 0.4047759433962264 0.2602796052631579 0.15625 0.25082236842105265
6 0.09375 0.5057565789473684 0.1391509433962264 0.17434210526315785
2 0.2084316037735849 0.8277138157894737 0.18219339622641512 0.15871710526315796
2 0.4136202830188679 0.7898848684210527 0.15742924528301888 0.3988486842105263
8 0.6922169811320755 0.3297697368421053 0.08254716981132082 0.11184210526315791
2 0.6014150943396226 0.8536184210526316 0.11202830188679236 0.2911184210526315
2 0.7974646226415094 0.9099506578947368 0.15389150943396224 0.1768092105263157
8 0.6848466981132075 0.5164473684210527 0.17865566037735847 0.3700657894736842
0 0.8340212264150944 0.5999177631578947 0.09139150943396235 0.22944078947368418
0 0.28685141509433965 0.05879934210526316 0.14799528301886794 0.11759868421052631
