7 0.5987617924528302 0.11101973684210525 0.06308962264150941 0.19572368421052633
1 0.7028301886792452 0.15501644736842107 0.1403301886792453 0.25411184210526316
6 0.41244103773584906 0.18338815789473684 0.1975235849056604 0.3157894736842105
0 0.7420400943396226 0.34621710526315785 0.09257075471698106 0.1381578947368421
5 0.4640330188679245 0.6056743421052632 0.17452830188679241 0.16365131578947367
0 0.4852594339622642 0.5217927631578948 0.05188679245283023 0.0616776315789474
0 0.45047169811320753 0.7639802631578947 0.09433962264150941 0.17598684210526316
0 0.5218160377358491 0.23725328947368418 0.021226415094339535 0.035361842105263136
1 0.3590801886792453 0.7870065789473684 0.08490566037735847 0.29440789473684215
0 0.40094339622641506 0.9769736842105263 0.09316037735849053 0.042763157894736836
2 0.5147405660377358 0.9564144736842105 0.13561320754716977 0.08388157894736836
0 0.569870283018868 0.9588815789473684 0.030070754716981063 0.07730263157894746
1 0.8469929245283019 0.9185855263157894 0.11969339622641506 0.1595394736842105
2 0.7951061320754718 0.7491776315789473 0.18455188679245282 0.21217105263157898
2 0.1323702830188679 0.39679276315789475 0.26120283018867924 0.18832236842105265
2 0.33755896226415094 0.37335526315789475 0.21992924528301885 0.1875
7 0.6388561320754718 0.07689144736842106 0.08077830188679236 0.15378289473684212
