0 0.7983490566037736 0.013980263157894737 0.06485849056603776 0.027960526315789474
2 0.7880306603773585 0.8910361842105263 0.24823113207547176 0.21628289473684204
2 0.7744693396226415 0.9798519736842105 0.19398584905660377 0.03865131578947367
2 0.49793632075471694 0.888157894736842 0.22346698113207547 0.2220394736842105
2 0.5574882075471699 0.5349506578947368 0.09846698113207542 0.4021381578947369
2 0.633254716981132 0.5164473684210527 0.10495283018867918 0.17269736842105265
2 0.43956367924528306 0.540296052631579 0.1621462264150944 0.20394736842105265
0 0.41126179245283023 0.709703947368421 0.111438679245283 0.13980263157894735
5 0.30984669811320753 0.6023848684210527 0.12087264150943397 0.3001644736842105
2 0.24380896226415094 0.4860197368421053 0.09139150943396224 0.27302631578947373
1 0.5563089622641509 0.09868421052631579 0.20341981132075476 0.19736842105263158
