0 0.36615566037735847 0.08429276315789473 0.11792452830188677 0.16858552631578946
1 0.2172759433962264 0.1295230263157895 0.20459905660377362 0.24588815789473686
2 0.2502948113207547 0.30633223684210525 0.23290094339622644 0.2557565789473685
0 0.25678066037735847 0.5670230263157894 0.1373820754716981 0.12911184210526316
2 0.11291273584905662 0.8277138157894737 0.11733490566037737 0.2606907894736843
2 0.42688679245283023 0.7306743421052632 0.2205188679245283 0.1768092105263157
2 0.45902122641509435 0.8634868421052632 0.2859669811320755 0.19736842105263164
2 0.5589622641509434 0.619654605263158 0.22759433962264147 0.18174342105263153
7 0.4755306603773585 0.03865131578947368 0.11497641509433965 0.0756578947368421
2 0.71875 0.8363486842105263 0.24882075471698117 0.16447368421052633
6 0.6500589622641509 0.8803453947368421 0.12676886792452824 0.18832236842105265
5 0.710495283018868 0.46587171052631576 0.18985849056603776 0.19819078947368418
0 0.789504716981132 0.3458059210526316 0.19811320754716977 0.2606907894736842
8 0.6889740566037736 0.10197368421052631 0.11615566037735847 0.20230263157894737
0 0.09168632075471697 0.02754934210526316 0.07016509433962263 0.05345394736842105
