7 0.7075471698113207 0.08511513157894737 0.1403301886792453 0.17023026315789475
5 0.5512971698113207 0.897203947368421 0.13561320754716982 0.20394736842105265
2 0.3664504716981132 0.9802631578947368 0.08077830188679241 0.03782894736842102
2 0.41568396226415094 0.7676809210526316 0.089622641509434 0.17680921052631582
5 0.3449292452830189 0.6126644736842105 0.1875 0.14967105263157898
0 0.484375 0.5427631578947368 0.12205188679245288 0.1677631578947369
3 0.4033018867924528 0.5127467105263157 0.23231132075471694 0.3544407894736842
1 0.4964622641509434 0.37911184210526316 0.23584905660377364 0.16118421052631582
1 0.5681014150943396 0.13980263157894737 0.3024764150943396 0.27796052631578944
2 0.4970518867924528 0.0678453947368421 0.2075471698113207 0.13404605263157895
0 0.24145047169811318 0.11759868421052631 0.14327830188679244 0.18092105263157895
