2 0.7532429245283019 0.39679276315789475 0.13384433962264142 0.3018092105263158
0 0.7933372641509433 0.9601151315789473 0.1409198113207547 0.07319078947368418
9 0.6692216981132075 0.9276315789473684 0.10495283018867929 0.13980263157894746
2 0.6294221698113207 0.9317434210526316 0.12794811320754718 0.13322368421052622
6 0.5109080188679245 0.7964638157894737 0.11025943396226412 0.40213815789473684
0 0.3074882075471698 0.6903782894736842 0.17511792452830188 0.2014802631578947
5 0.5188679245283019 0.46504934210526316 0.14386792452830188 0.29358552631578944
2 0.3888561320754717 0.2713815789473684 0.2777122641509434 0.21381578947368418
0 0.22464622641509435 0.14761513157894737 0.1875 0.28865131578947373
9 0.5397995283018868 0.05057565789473684 0.13030660377358494 0.10115131578947369
