2 0.7272995283018868 0.053865131578947366 0.129127358490566 0.10608552631578948
2 0.7249410377358491 0.20189144736842105 0.18219339622641506 0.26726973684210525
2 0.5374410377358491 0.865953947368421 0.1975235849056604 0.20723684210526316
2 0.2998231132075472 0.9041940789473684 0.2034198113207547 0.1685855263157895
2 0.3876768867924528 0.6533717105263157 0.09964622641509435 0.23930921052631582
2 0.5530660377358491 0.5193256578947368 0.13443396226415089 0.2853618421052632
7 0.1459316037735849 0.5707236842105263 0.14799528301886794 0.20230263157894735
0 0.5392099056603774 0.17310855263157895 0.15742924528301888 0.12417763157894736
8 0.5728183962264151 0.24794407894736842 0.14799528301886794 0.20148026315789472
0 0.43484669811320753 0.053865131578947366 0.08313679245283018 0.10773026315789473
1 0.2862617924528302 0.1953125 0.23525943396226412 0.34621710526315785
