2 0.6577240566037736 0.057154605263157895 0.15860849056603776 0.11266447368421054
5 0.6571344339622641 0.18585526315789472 0.15742924528301883 0.20888157894736842
2 0.7449882075471699 0.436266447368421 0.10436320754716977 0.23437499999999994
7 0.5271226415094339 0.4066611842105263 0.20990566037735847 0.2047697368421053
7 0.5471698113207547 0.5024671052631579 0.1544811320754717 0.16611842105263158
9 0.5619103773584906 0.5530427631578948 0.27004716981132076 0.24095394736842107
2 0.6058372641509434 0.747532894736842 0.10790094339622636 0.23848684210526316
2 0.7889150943396226 0.8359375 0.160377358490566 0.21628289473684204
7 0.4142099056603774 0.9259868421052632 0.19988207547169817 0.14638157894736836
2 0.40448113207547165 0.740953947368421 0.16745283018867924 0.1891447368421052
2 0.2883254716981132 0.53125 0.22641509433962265 0.24671052631578944
0 0.3290094339622641 0.6739309210526316 0.06367924528301888 0.06332236842105254
5 0.11998820754716981 0.6352796052631579 0.23997641509433962 0.21957236842105265
8 0.3720518867924528 0.3824013157894737 0.16273584905660377 0.16118421052631582
2 0.4846698113207547 0.08922697368421052 0.2617924528301887 0.1768092105263158
