0 0.8225235849056604 0.06866776315789473 0.18160377358490565 0.1356907894736842
1 0.6824882075471699 0.05263157894736842 0.09846698113207542 0.10526315789473684
0 0.6730542452830188 0.9773848684210527 0.06544811320754718 0.04358552631578949
2 0.45577830188679247 0.9695723684210527 0.27476415094339623 0.05921052631578949
0 0.24764150943396226 0.9880756578947368 0.06957547169811323 0.022203947368421018
0 0.16627358490566035 0.9198190789473684 0.09316037735849056 0.15542763157894746
2 0.5571933962264151 0.7146381578947368 0.10613207547169812 0.22203947368421062
2 0.5825471698113207 0.5189144736842105 0.17099056603773588 0.2598684210526316
0 0.5120872641509434 0.3700657894736842 0.14209905660377364 0.07072368421052627
5 0.5120872641509434 0.0703125 0.1916273584905661 0.140625
5 0.23820754716981132 0.3182565789473684 0.13207547169811323 0.29605263157894735
2 0.1353183962264151 0.2685032894736842 0.09139150943396228 0.30509868421052627
