2 0.2240566037735849 0.047697368421052634 0.2865566037735849 0.09210526315789473
2 0.5925707547169812 0.9366776315789473 0.05896226415094341 0.125
2 0.31014150943396224 0.5032894736842105 0.17099056603773582 0.16940789473684204
5 0.2986438679245283 0.6932565789473684 0.12205188679245282 0.2483552631578948
0 0.06898584905660377 0.9391447368421053 0.06367924528301887 0.08059210526315785
5 0.357311320754717 0.8885690789473684 0.11202830188679247 0.22121710526315785
0 0.2956957547169812 0.8898026315789473 0.024174528301886766 0.09046052631578949
0 0.4248231132075472 0.8651315789473684 0.046580188679245293 0.09046052631578949
8 0.7066627358490566 0.951891447368421 0.17040094339622636 0.09457236842105265
7 0.35731132075471694 0.27055921052631576 0.13561320754716982 0.12499999999999997
2 0.5191627358490566 0.3104440789473684 0.23172169811320753 0.1685855263157895
8 0.8579009433962264 0.23355263157894737 0.11202830188679236 0.3190789473684211
2 0.8083726415094339 0.14638157894736842 0.097877358490566 0.287828947368421
2 0.7305424528301887 0.11513157894736842 0.1285377358490566 0.23026315789473684
2 0.4926297169811321 0.09210526315789473 0.12441037735849064 0.18421052631578946
4 0.17806603773584906 0.3667763157894737 0.2417452830188679 0.13157894736842107
