0 0.8119103773584906 0.078125 0.152122641509434 0.15460526315789475
7 0.14003537735849056 0.71875 0.09846698113207547 0.125
2 0.35701650943396224 0.26398026315789475 0.20695754716981135 0.40460526315789475
0 0.41185141509433965 0.044407894736842105 0.1267688679245283 0.08717105263157895
3 0.4793632075471698 0.11513157894736842 0.152122641509434 0.22861842105263158
0 0.6255896226415094 0.03289473684210526 0.07900943396226412 0.06414473684210527
2 0.6320754716981132 0.1517269736842105 0.14740566037735847 0.2064144736842105
0 0.22346698113207547 0.4551809210526315 0.08844339622641509 0.14884868421052627
2 0.32193396226415094 0.5250822368421053 0.21108490566037738 0.12911184210526316
7 0.30512971698113206 0.678453947368421 0.20224056603773585 0.2483552631578948
4 0.851120283018868 0.4391447368421053 0.09610849056603776 0.3815789473684211
2 0.7668042452830188 0.897203947368421 0.13384433962264153 0.20394736842105265
2 0.6963443396226415 0.6455592105263157 0.18160377358490565 0.29934210526315785
2 0.5869693396226415 0.4745065789473684 0.09257075471698117 0.2154605263157895
2 0.7659198113207548 0.46875 0.08490566037735847 0.19243421052631576
0 0.2803655660377359 0.09416118421052631 0.21403301886792453 0.18503289473684212
