2 0.7166863207547169 0.4683388157894737 0.2623820754716981 0.23108552631578955
2 0.5492334905660378 0.5193256578947368 0.1362028301886793 0.28700657894736836
7 0.566627358490566 0.3564967105263158 0.08726415094339623 0.1258223684210526
3 0.7697523584905661 0.17804276315789475 0.1326650943396227 0.34786184210526316
4 0.6742334905660377 0.07853618421052631 0.08313679245283023 0.15542763157894737
5 0.4142099056603774 0.06949013157894736 0.1267688679245283 0.1356907894736842
0 0.359375 0.42351973684210525 0.07134433962264153 0.07894736842105265
2 0.35495283018867924 0.5707236842105263 0.2570754716981132 0.24671052631578944
1 0.09109669811320754 0.8680098684210527 0.14327830188679244 0.25246710526315785
5 0.2205188679245283 0.8408717105263158 0.2028301886792453 0.259046052631579
2 0.4569575471698113 0.8585526315789473 0.125 0.28125
8 0.6465212264150944 0.9025493421052632 0.14327830188679247 0.18996710526315796
0 0.5430424528301887 0.8009868421052632 0.11202830188679247 0.1513157894736843
