0 0.6311910377358491 0.018092105263157895 0.07134433962264142 0.03453947368421052
5 0.625 0.3182565789473684 0.195754716981132 0.2516447368421053
5 0.5571933962264151 0.553453947368421 0.18985849056603776 0.2549342105263158
0 0.616745283018868 0.5411184210526315 0.06721698113207542 0.11842105263157893
2 0.7626768867924528 0.6307565789473684 0.11143867924528306 0.20394736842105254
4 0.5905070754716981 0.764391447368421 0.27771226415094336 0.203125
8 0.6264740566037736 0.7775493421052632 0.17865566037735847 0.15707236842105265
2 0.5669221698113207 0.927220394736842 0.2482311320754717 0.1439144736842105
0 0.3284198113207547 0.4745065789473684 0.10141509433962265 0.14309210526315785
5 0.5548349056603774 0.12088815789473684 0.08372641509433965 0.24013157894736842
