7 0.2895047169811321 0.6484375 0.14150943396226418 0.14720394736842102
5 0.2883254716981132 0.9329769736842105 0.12971698113207547 0.13240131578947367
7 0.34935141509433965 0.1435032894736842 0.14799528301886794 0.1998355263157895
8 0.6040683962264151 0.07319078947368421 0.10436320754716977 0.14473684210526316
5 0.648879716981132 0.20106907894736842 0.13974056603773588 0.265625
0 0.6447523584905661 0.052631578947368425 0.02181603773584906 0.03289473684210527
0 0.6412146226415094 0.4095394736842105 0.1090801886792453 0.1710526315789474
0 0.6211674528301887 0.33963815789473684 0.07488207547169812 0.07565789473684215
0 0.698997641509434 0.3967927631578947 0.03714622641509435 0.06825657894736842
0 0.6193985849056604 0.4765625 0.03714622641509435 0.05345394736842102
1 0.390625 0.5016447368421053 0.12676886792452835 0.2582236842105264
2 0.6972287735849056 0.8260690789473684 0.21639150943396235 0.24424342105263153
6 0.6279481132075472 0.6846217105263158 0.1875 0.22779605263157898
6 0.6081957547169812 0.9642269736842105 0.16450471698113212 0.06990131578947367
9 0.7337853773584906 0.9346217105263157 0.12205188679245282 0.12746710526315785
