1 0.3758844339622641 0.10896381578947369 0.2329009433962264 0.21463815789473686
2 0.8245872641509434 0.05345394736842105 0.14327830188679247 0.10197368421052631
2 0.7340801886792453 0.6175986842105263 0.1521226415094339 0.42269736842105265
2 0.9439858490566038 0.9198190789473684 0.07311320754716988 0.15707236842105254
2 0.4946933962264151 0.2730263157894737 0.2028301886792453 0.1973684210526316
2 0.310436320754717 0.4017269736842105 0.2293632075471698 0.3692434210526316
5 0.4522405660377359 0.4453125 0.0955188679245283 0.21792763157894735
2 0.5073702830188679 0.5394736842105263 0.17983490566037735 0.20394736842105265
7 0.6140919811320755 0.6504934210526315 0.07252358490566035 0.125
2 0.5999410377358491 0.9794407894736842 0.14563679245283012 0.03947368421052633
3 0.1751179245283019 0.4872532894736842 0.1544811320754717 0.24259868421052627
