0 0.6132075471698113 0.04358552631578947 0.03301886792452835 0.05921052631578947
0 0.625 0.011101973684210526 0.07783018867924518 0.02055921052631579
2 0.5053066037735849 0.08141447368421052 0.10495283018867918 0.15953947368421054
7 0.42452830188679247 0.11677631578947369 0.17216981132075465 0.23026315789473686
2 0.7452830188679245 0.11348684210526315 0.168632075471698 0.1924342105263158
7 0.8729363207547169 0.07935855263157894 0.09375 0.15871710526315788
2 0.6373820754716981 0.3861019736842105 0.11910377358490565 0.2212171052631579
0 0.4033018867924528 0.5185032894736842 0.18042452830188682 0.1833881578947369
1 0.4209905660377359 0.3618421052631579 0.3018867924528302 0.22861842105263155
4 0.3605542452830189 0.1821546052631579 0.17747641509433965 0.28042763157894735
0 0.28685141509433965 0.2997532894736842 0.1314858490566038 0.14720394736842107
7 0.13974056603773585 0.3700657894736842 0.07429245283018866 0.10690789473684209
