1 0.7609080188679245 0.5 0.12794811320754718 0.08388157894736842
1 0.7617924528301887 0.3972039473684211 0.13325471698113212 0.125
0 0.5775353773584906 0.13898026315789475 0.07724056603773588 0.2730263157894737
2 0.5356721698113208 0.05838815789473684 0.10082547169811323 0.11677631578947369
0 0.4516509433962264 0.03125 0.08490566037735847 0.0625
2 0.7853773584905661 0.26027960526315785 0.12971698113207542 0.1537828947368421
2 0.48260613207547176 0.19654605263157895 0.14445754716981135 0.27960526315789475
2 0.6111438679245282 0.49054276315789475 0.12558962264150952 0.24753289473684215
1 0.6235259433962264 0.666529605263158 0.26709905660377353 0.20970394736842113
2 0.7160966981132075 0.8408717105263158 0.19634433962264153 0.290296052631579
0 0.4389740566037736 0.41858552631578944 0.08077830188679247 0.18256578947368418
2 0.19988207547169812 0.16488486842105263 0.11910377358490565 0.3182565789473684
