3 0.648879716981132 0.564967105263158 0.30365566037735847 0.2845394736842105
2 0.6176297169811321 0.8959703947368421 0.11851415094339623 0.14884868421052633
2 0.5964033018867925 0.9724506578947368 0.09728773584905659 0.05016447368421062
2 0.41627358490566035 0.850328947368421 0.196933962264151 0.18092105263157898
0 0.30218160377358494 0.9810855263157894 0.05483490566037735 0.03453947368421051
0 0.25648584905660377 0.8412828947368421 0.04952830188679244 0.16447368421052633
7 0.2028301886792453 0.9054276315789473 0.10377358490566038 0.1842105263157895
9 0.5925707547169812 0.22574013157894737 0.09433962264150941 0.22944078947368424
7 0.31780660377358494 0.36554276315789475 0.1273584905660377 0.1998355263157895
5 0.4481132075471698 0.09868421052631579 0.15330188679245282 0.19572368421052633
0 0.4684551886792453 0.2627467105263158 0.04422169811320753 0.027138157894736864
1 0.4699292452830188 0.13075657894736842 0.25471698113207547 0.26151315789473684
8 0.1945754716981132 0.0834703947368421 0.11084905660377359 0.1636513157894737
