0 0.7467570754716981 0.4629934210526316 0.5029481132075471 0.9259868421052632
3 0.2939268867924528 0.8186677631578947 0.1303066037735849 0.3577302631578948
2 0.6040683962264151 0.2598684210526316 0.11143867924528306 0.22697368421052633
1 0.5132665094339622 0.3548519736842105 0.2045990566037736 0.13240131578947367
5 0.480247641509434 0.47245065789473684 0.20695754716981135 0.109375
5 0.25235849056603776 0.453125 0.16745283018867924 0.16118421052631576
2 0.13679245283018868 0.7245065789473684 0.1403301886792453 0.19407894736842113
7 0.2184551886792453 0.736842105263158 0.1161556603773585 0.17598684210526316
3 0.33726415094339623 0.841282894736842 0.14268867924528306 0.30592105263157887
0 0.33785377358490565 0.9354440789473684 0.09080188679245282 0.12417763157894746
0 0.43543632075471694 0.03577302631578947 0.04540094339622641 0.06990131578947369
6 0.4183372641509434 0.8947368421052632 0.10318396226415094 0.20559210526315796
9 0.46609669811320753 0.9416118421052632 0.051297169811320764 0.10855263157894735
2 0.3941627358490566 0.584703947368421 0.1527122641509434 0.1282894736842105
2 0.4360259433962264 0.6957236842105263 0.09375 0.20065789473684204
0 0.5194575471698113 0.9864309210526316 0.06721698113207547 0.025493421052631526
0 0.7750589622641509 0.8429276315789473 0.20106132075471694 0.24342105263157898
2 0.6527122641509434 0.6467927631578947 0.2146226415094339 0.19161184210526316
2 0.602004716981132 0.7286184210526316 0.24764150943396224 0.16611842105263153
2 0.6202830188679245 0.5826480263157895 0.19221698113207542 0.16365131578947367
2 0.5527712264150944 0.5230263157894737 0.2859669811320755 0.27631578947368424
1 0.27889150943396224 0.13486842105263158 0.15094339622641512 0.26809210526315785
