2 0.7954009433962264 0.18379934210526316 0.21816037735849048 0.296875
0 0.6998820754716981 0.9609375 0.09905660377358494 0.07319078947368429
2 0.45548349056603776 0.903782894736842 0.09492924528301888 0.1891447368421052
0 0.38178066037735847 0.9860197368421053 0.03125 0.02631578947368418
2 0.35377358490566035 0.6747532894736843 0.1875 0.15049342105263153
2 0.6064268867924528 0.469983552631579 0.2706367924528301 0.13733552631578944
2 0.4366155660377358 0.32195723684210525 0.19752358490566035 0.1751644736842105
0 0.4693396226415094 0.04070723684210527 0.05070754716981135 0.078125
3 0.38502358490566035 0.10279605263157894 0.15919811320754718 0.20065789473684212
0 0.029775943396226415 0.24383223684210525 0.05955188679245283 0.13404605263157895
8 0.26768867924528306 0.328125 0.14504716981132076 0.35855263157894735
0 0.16951650943396226 0.09210526315789475 0.0642688679245283 0.09375
0 0.23349056603773585 0.078125 0.12971698113207547 0.15460526315789475
