0 0.2971698113207547 0.08429276315789473 0.14740566037735847 0.16858552631578946
0 0.6606721698113207 0.06455592105263158 0.13620283018867918 0.1274671052631579
1 0.6624410377358491 0.6936677631578947 0.20224056603773577 0.25411184210526316
2 0.6583136792452831 0.5538651315789473 0.120872641509434 0.2820723684210526
2 0.5250589622641509 0.7462993421052632 0.24587264150943394 0.49917763157894735
2 0.7219929245283019 0.954358552631579 0.13148584905660377 0.08634868421052633
5 0.31073113207547165 0.8388157894736843 0.12382075471698112 0.17763157894736847
0 0.2847877358490566 0.3375822368421053 0.07429245283018868 0.1537828947368421
4 0.4372051886792453 0.3379934210526316 0.16332547169811318 0.17105263157894735
9 0.6895636792452831 0.27960526315789475 0.22346698113207542 0.256578947368421
