0 0.4758254716981132 0.5604440789473684 0.2193396226415094 0.2195723684210526
2 0.5760613207547169 0.33182565789473684 0.23231132075471705 0.3018092105263158
0 0.6235259433962264 0.02549342105263158 0.06544811320754718 0.05098684210526316
0 0.6984080188679245 0.008223684210526315 0.06898584905660388 0.01480263157894737
0 0.5400943396226415 0.03824013157894737 0.11438679245283018 0.07319078947368421
2 0.703125 0.5764802631578947 0.19044811320754707 0.23190789473684215
3 0.7836084905660378 0.45805921052631576 0.2299528301886793 0.18256578947368418
2 0.4770047169811321 0.12088815789473685 0.27004716981132076 0.17269736842105263
0 0.5790094339622641 0.7754934210526316 0.29245283018867924 0.3207236842105262
2 0.35672169811320753 0.8359375 0.11202830188679247 0.3231907894736843
5 0.23732311320754718 0.770970394736842 0.1479952830188679 0.24588815789473684
0 0.38030660377358494 0.2623355263157895 0.2016509433962264 0.3371710526315789
0 0.15949292452830188 0.04646381578947368 0.11025943396226416 0.0912828947368421
