2 0.3576061320754717 0.10279605263157894 0.14327830188679247 0.20230263157894737
5 0.6244103773584906 0.0962171052631579 0.12264150943396224 0.19078947368421054
2 0.5044221698113207 0.10074013157894736 0.18691037735849053 0.19654605263157895
7 0.5934551886792453 0.25411184210526316 0.13502358490566047 0.2532894736842105
0 0.47110849056603776 0.2944078947368421 0.1485849056603774 0.2779605263157895
5 0.5769457547169812 0.375 0.20813679245283018 0.16611842105263153
2 0.40801886792452835 0.6122532894736842 0.16745283018867924 0.14884868421052633
0 0.7122641509433962 0.6599506578947368 0.08962264150943389 0.09457236842105265
2 0.7155070754716981 0.841282894736842 0.10672169811320753 0.3141447368421052
2 0.6129127358490566 0.939967105263158 0.12087264150943389 0.11513157894736847
7 0.38148584905660377 0.954358552631579 0.1568396226415094 0.08963815789473684
3 0.36851415094339623 0.9099506578947368 0.06721698113207547 0.06825657894736836
3 0.35023584905660377 0.84375 0.11674528301886794 0.22861842105263164
