7 0.4693396226415094 0.2372532894736842 0.2075471698113207 0.38733552631578944
0 0.5244693396226415 0.04851973684210526 0.147995283018868 0.09539473684210527
0 0.8127948113207548 0.6751644736842106 0.09728773584905659 0.1595394736842105
2 0.6721698113207548 0.7574013157894737 0.14740566037735847 0.20394736842105265
7 0.6043632075471699 0.6044407894736843 0.12028301886792458 0.1842105263157895
1 0.5583726415094339 0.7376644736842105 0.15919811320754718 0.4078947368421053
0 0.5887382075471699 0.9736842105263157 0.07959905660377353 0.050986842105263164
3 0.30483490566037735 0.8799342105263157 0.1792452830188679 0.18256578947368418
2 0.36821933962264153 0.623766447368421 0.09728773584905659 0.27384868421052627
2 0.32163915094339623 0.43379934210526316 0.23997641509433965 0.32648026315789475
2 0.23525943396226418 0.1147203947368421 0.09080188679245285 0.2294407894736842
