2 0.5079599056603773 0.12623355263157895 0.13030660377358488 0.1981907894736842
2 0.4377948113207547 0.6587171052631579 0.28478773584905664 0.26480263157894735
0 0.3446344339622641 0.17351973684210525 0.0996462264150943 0.12006578947368421
2 0.2476415094339623 0.09169407894736842 0.11910377358490568 0.1685855263157895
2 0.35672169811320753 0.719983552631579 0.15094339622641512 0.09786184210526316
9 0.5397995283018868 0.8067434210526316 0.2588443396226415 0.16447368421052622
0 0.44693396226415094 0.2685032894736842 0.08608490566037741 0.15707236842105263
2 0.7429245283018868 0.6085526315789473 0.20636792452830188 0.16940789473684215
5 0.59375 0.579358552631579 0.13207547169811318 0.28371710526315785
1 0.5707547169811321 0.682154605263158 0.0742924528301887 0.13569078947368418
1 0.6839622641509434 0.4971217105263158 0.10731132075471694 0.17680921052631576
2 0.7382075471698113 0.08018092105263157 0.22877358490566035 0.15707236842105263
1 0.6527122641509433 0.20476973684210525 0.27122641509433965 0.2894736842105263
2 0.5371462264150944 0.29276315789473684 0.13797169811320753 0.21875
0 0.6137971698113207 0.32648026315789475 0.13443396226415094 0.19407894736842105
