0 0.5362617924528301 0.10115131578947369 0.02417452830188671 0.0542763157894737
6 0.6503537735849056 0.11307565789473684 0.16155660377358494 0.22450657894736842
8 0.6031839622641509 0.2734375 0.12971698113207553 0.24917763157894735
0 0.7815448113207548 0.5801809210526316 0.10318396226415094 0.15542763157894746
1 0.6818985849056605 0.6056743421052632 0.14799528301886788 0.1768092105263157
0 0.5719339622641509 0.8322368421052632 0.07783018867924518 0.14144736842105265
2 0.6957547169811321 0.7504111842105263 0.18042452830188682 0.14720394736842102
0 0.5683962264150944 0.944078947368421 0.16391509433962265 0.10690789473684215
0 0.2261202830188679 0.842516447368421 0.23879716981132076 0.1735197368421052
2 0.3139740566037736 0.610608552631579 0.21639150943396226 0.13569078947368418
1 0.22081367924528303 0.5160361842105263 0.1857311320754717 0.23108552631578944
