2 0.7113797169811321 0.14720394736842105 0.1680424528301887 0.14802631578947367
8 0.6335495283018868 0.5826480263157895 0.18455188679245282 0.25246710526315796
0 0.5610259433962264 0.6813322368421053 0.18455188679245282 0.09292763157894746
9 0.6273584905660377 0.780016447368421 0.20165094339622647 0.11759868421052633
0 0.09699292452830188 0.45847039473684215 0.06544811320754716 0.06825657894736842
0 0.1792452830188679 0.6455592105263157 0.04834905660377359 0.14309210526315785
0 0.05188679245283019 0.6324013157894737 0.08136792452830188 0.11019736842105265
4 0.11379716981132076 0.6398026315789473 0.09669811320754718 0.3240131578947369
0 0.03626179245283019 0.5505756578947368 0.07252358490566038 0.2458881578947369
4 0.33225235849056606 0.328125 0.24705188679245285 0.19572368421052633
