2 0.836379716981132 0.13692434210526316 0.1090801886792453 0.1537828947368421
5 0.10701650943396226 0.2183388157894737 0.18455188679245282 0.22450657894736842
0 0.3278301886792453 0.295641447368421 0.11910377358490565 0.14555921052631576
0 0.5533608490566038 0.05263157894736842 0.15035377358490565 0.10361842105263158
0 0.2485259433962264 0.4268092105263158 0.06308962264150941 0.12993421052631576
2 0.21403301886792453 0.5842927631578947 0.22051886792452832 0.34786184210526316
2 0.38295990566037735 0.705592105263158 0.09021226415094341 0.2911184210526315
2 0.5179834905660378 0.6657072368421053 0.18101415094339623 0.16529605263157887
2 0.5483490566037736 0.8536184210526316 0.22051886792452835 0.2911184210526315
2 0.8340212264150944 0.9564144736842105 0.14681603773584906 0.08552631578947367
5 0.8304834905660377 0.7874177631578947 0.1597877358490566 0.3363486842105263
2 0.6848466981132075 0.6640625 0.12323113207547176 0.27713815789473695
0 0.5852004716981132 0.6702302631578947 0.08077830188679247 0.09375
0 0.7679834905660378 0.640625 0.11733490566037741 0.26973684210526305
2 0.31633254716981135 0.14925986842105263 0.25648584905660377 0.29851973684210525
