0 0.6951650943396226 0.405016447368421 0.152122641509434 0.24095394736842102
5 0.3912146226415094 0.9494243421052632 0.11379716981132076 0.09950657894736836
0 0.33018867924528306 0.974095394736842 0.036556603773584884 0.05016447368421051
2 0.4224646226415094 0.9120065789473684 0.09728773584905664 0.10526315789473684
0 0.8785377358490566 0.975328947368421 0.04481132075471694 0.046052631578947345
2 0.8620283018867925 0.7775493421052632 0.08962264150943389 0.22450657894736836
3 0.4324882075471698 0.46011513157894735 0.26356132075471705 0.17845394736842102
0 0.5507075471698113 0.44284539473684215 0.035377358490566 0.09950657894736842
0 0.5931603773584906 0.36965460526315785 0.061320754716981174 0.048519736842105254
0 0.5852004716981132 0.39144736842105265 0.0784198113207547 0.07236842105263158
0 0.6102594339622642 0.3145559210526316 0.07075471698113212 0.08634868421052633
0 0.49793632075471694 0.10978618421052631 0.15624999999999994 0.21957236842105263
