0 0.2502948113207547 0.509046052631579 0.10790094339622644 0.14473684210526316
2 0.28803066037735847 0.9424342105263157 0.17747641509433962 0.11184210526315785
7 0.6391509433962264 0.9313322368421053 0.15330188679245282 0.13075657894736847
2 0.2358490566037736 0.755345394736842 0.16509433962264153 0.3544407894736842
7 0.7883254716981132 0.3050986842105263 0.12028301886792458 0.22203947368421054
0 0.6494693396226415 0.4074835526315789 0.16096698113207553 0.2672697368421052
0 0.4024174528301887 0.2446546052631579 0.07488207547169812 0.17187500000000003
1 0.37971698113207547 0.35320723684210525 0.20400943396226412 0.2952302631578948
1 0.5465801886792453 0.14021381578947367 0.115566037735849 0.28042763157894735
5 0.6102594339622642 0.062088815789473686 0.17924528301886788 0.12417763157894737
