2 0.742629716981132 0.8824013157894737 0.1715801886792453 0.23355263157894735
2 0.28714622641509435 0.125 0.18160377358490568 0.14473684210526316
0 0.4097877358490566 0.1328125 0.10377358490566035 0.2606907894736842
2 0.4410377358490566 0.14761513157894737 0.09905660377358488 0.12088815789473685
2 0.2844929245283019 0.42557565789473684 0.08903301886792456 0.272203947368421
7 0.24646226415094338 0.47491776315789475 0.08608490566037735 0.13569078947368418
0 0.059846698113207544 0.6776315789473684 0.05365566037735849 0.10197368421052622
7 0.13797169811320753 0.713404605263158 0.1356132075471698 0.1702302631578948
5 0.41332547169811323 0.540296052631579 0.125 0.2631578947368421
1 0.42600235849056606 0.7569901315789473 0.2659198113207547 0.22615131578947367
2 0.5925707547169812 0.766858552631579 0.14386792452830188 0.37088815789473684
