2 0.5050117924528301 0.0756578947368421 0.21639150943396224 0.14967105263157895
2 0.39976415094339623 0.17434210526315788 0.13325471698113206 0.12335526315789473
0 0.6830778301886793 0.01644736842105263 0.03832547169811329 0.03289473684210526
7 0.7063679245283019 0.1455592105263158 0.2535377358490567 0.28618421052631576
0 0.5860849056603774 0.37417763157894735 0.10613207547169812 0.12828947368421056
8 0.695754716981132 0.5053453947368421 0.08490566037735847 0.27055921052631576
2 0.3679245283018868 0.911595394736842 0.15212264150943394 0.1702302631578948
0 0.4018278301886793 0.6426809210526316 0.02299528301886794 0.05016447368421051
2 0.41656839622641506 0.3466282894736842 0.22936320754716982 0.27055921052631576
1 0.26326650943396224 0.25863486842105265 0.1538915094339623 0.2722039473684211
