5 0.8378537735849056 0.2676809210526316 0.13089622641509435 0.25575657894736836
0 0.6294221698113207 0.2791940789473684 0.13502358490566035 0.13898026315789472
0 0.7847877358490566 0.9802631578947368 0.16863207547169812 0.03618421052631571
2 0.6668632075471699 0.9629934210526316 0.16509433962264153 0.07236842105263153
7 0.34640330188679247 0.8963815789473684 0.2045990566037736 0.20394736842105254
0 0.4363207547169811 0.7623355263157895 0.18985849056603776 0.17927631578947367
2 0.43130896226415094 0.6455592105263157 0.2883254716981132 0.26151315789473684
0 0.47051886792452835 0.47368421052631576 0.20754716981132076 0.2763157894736842
2 0.19870283018867924 0.42269736842105265 0.2936320754716981 0.31085526315789475
7 0.30129716981132076 0.20805921052631582 0.09080188679245282 0.1167763157894737
2 0.578125 0.03453947368421053 0.1798349056603774 0.06414473684210527
