0 0.6783608490566038 0.00863486842105263 0.04068396226415094 0.015625
0 0.5321344339622642 0.05921052631578948 0.11497641509433965 0.11513157894736842
0 0.7249410377358491 0.13322368421052633 0.085495283018868 0.16611842105263158
2 0.5459905660377358 0.7171052631578947 0.160377358490566 0.16282894736842113
7 0.5966981132075472 0.6266447368421053 0.15448113207547176 0.1891447368421052
0 0.7485259433962264 0.7113486842105263 0.1715801886792453 0.3404605263157895
2 0.2818396226415094 0.8486842105263157 0.1344339622641509 0.23848684210526316
2 0.32016509433962265 0.8564967105263158 0.08018867924528306 0.12417763157894735
2 0.394752358490566 0.852796052631579 0.09846698113207547 0.21875
0 0.4012382075471698 0.9810855263157895 0.1255896226415094 0.03125
1 0.40153301886792453 0.2109375 0.15330188679245282 0.25082236842105265
0 0.232311320754717 0.29070723684210525 0.2099056603773585 0.37417763157894735
