0 0.33372641509433965 0.024259868421052634 0.10966981132075476 0.04194078947368421
2 0.4528301886792453 0.03536184210526316 0.14386792452830188 0.06907894736842106
8 0.6432783018867925 0.12335526315789473 0.16273584905660377 0.24671052631578946
2 0.7175707547169812 0.685032894736842 0.09080188679245282 0.2796052631578948
5 0.599941037735849 0.735608552631579 0.16568396226415094 0.24753289473684215
3 0.43278301886792453 0.8092105263157895 0.160377358490566 0.20230263157894735
2 0.43101415094339623 0.630345394736842 0.22641509433962265 0.13569078947368418
3 0.5648584905660377 0.5386513157894737 0.14740566037735847 0.13322368421052633
0 0.46698113207547165 0.3988486842105263 0.042452830188679236 0.046052631578947345
2 0.5182783018867925 0.4514802631578947 0.2936320754716981 0.14802631578947362
2 0.20931603773584906 0.2911184210526316 0.16981132075471697 0.23848684210526316
3 0.4634433962264151 0.21258223684210525 0.2346698113207547 0.13075657894736845
2 0.5454009433962265 0.08963815789473684 0.18278301886792453 0.17927631578947367
0 0.169811320754717 0.0756578947368421 0.047169811320754734 0.14638157894736845
