2 0.24498820754716982 0.4498355263157895 0.14327830188679247 0.41611842105263164
5 0.3127948113207547 0.4621710526315789 0.21403301886792456 0.19901315789473684
2 0.45577830188679247 0.09251644736842105 0.232311320754717 0.18174342105263158
8 0.5141509433962264 0.4375 0.13325471698113212 0.3256578947368421
2 0.6020047169811321 0.16365131578947367 0.1568396226415094 0.2236842105263158
3 0.8310731132075471 0.5094572368421053 0.14681603773584906 0.4004934210526315
1 0.7228773584905661 0.1328125 0.09198113207547165 0.2623355263157895
5 0.23879716981132076 0.6447368421052632 0.19103773584905662 0.20394736842105265
2 0.6459316037735849 0.751233552631579 0.15860849056603776 0.140625
2 0.5079599056603774 0.921875 0.07488207547169817 0.1546052631578947
0 0.4366155660377358 0.9313322368421053 0.13502358490566035 0.12911184210526316
