0 0.6394457547169812 0.12376644736842105 0.16568396226415094 0.16365131578947367
8 0.8254716981132075 0.2080592105263158 0.1639150943396226 0.25328947368421056
0 0.6350235849056604 0.018914473684210526 0.08608490566037741 0.03782894736842105
0 0.23879716981132076 0.18955592105263158 0.12146226415094341 0.15871710526315788
2 0.47877358490566035 0.1640625 0.28773584905660377 0.1685855263157895
1 0.49410377358490565 0.3449835526315789 0.17216981132075476 0.23437499999999997
1 0.5795990566037736 0.44037828947368424 0.031839622641509524 0.046875
4 0.22847877358490565 0.7726151315789473 0.24115566037735847 0.2014802631578947
6 0.5713443396226415 0.7183388157894737 0.18042452830188682 0.18832236842105265
4 0.7862617924528301 0.8717105263157894 0.24115566037735847 0.15131578947368418
2 0.7517688679245282 0.6747532894736842 0.20990566037735847 0.25082236842105265
0 0.7158018867924528 0.24136513157894735 0.08490566037735858 0.09786184210526314
8 0.6535966981132075 0.34457236842105265 0.14209905660377364 0.19407894736842105
0 0.47877358490566035 0.019736842105263157 0.050707547169811296 0.039473684210526314
