7 0.408313679245283 0.4510690789473684 0.16568396226415094 0.23930921052631582
0 0.35288915094339623 0.09375 0.25176886792452824 0.1875
0 0.45076650943396224 0.012335526315789474 0.057193396226415116 0.024671052631578948
8 0.5147405660377359 0.03741776315789474 0.06957547169811323 0.07483552631578948
1 0.7467570754716981 0.078125 0.12676886792452824 0.15625
1 0.6509433962264151 0.4004934210526316 0.15448113207547165 0.19572368421052633
0 0.7488207547169812 0.35526315789473684 0.028301886792452824 0.03453947368421051
5 0.5981721698113207 0.7088815789473685 0.23290094339622647 0.4210526315789474
2 0.46432783018867924 0.6879111842105263 0.09021226415094341 0.2310855263157895
6 0.8752948113207547 0.936266447368421 0.09139150943396235 0.12253289473684215
2 0.3623231132075472 0.9157072368421053 0.2152122641509434 0.16529605263157887
0 0.3245872641509434 0.9790296052631579 0.06780660377358488 0.03865131578947367
0 0.310436320754717 0.21504934210526316 0.254127358490566 0.15871710526315788
