2 0.7670990566037736 0.09046052631578946 0.0860849056603773 0.17763157894736842
4 0.84375 0.04810855263157895 0.08018867924528306 0.09292763157894736
2 0.20400943396226412 0.3852796052631579 0.13089622641509432 0.14884868421052633
2 0.5200471698113207 0.8486842105263158 0.16745283018867924 0.26480263157894735
3 0.7956957547169812 0.9498355263157895 0.13148584905660377 0.09539473684210531
2 0.23938679245283018 0.5834703947368421 0.17099056603773585 0.2508223684210527
2 0.3959316037735849 0.16529605263157893 0.14681603773584906 0.21546052631578946
4 0.7149174528301887 0.546875 0.2612028301886793 0.1546052631578947
1 0.7485259433962264 0.778782894736842 0.09846698113207542 0.2763157894736842
2 0.4351415094339623 0.3231907894736842 0.18985849056603776 0.19407894736842107
2 0.5852004716981132 0.23807565789473684 0.20931603773584906 0.16200657894736845
0 0.02240566037735849 0.17146381578947367 0.04481132075471698 0.0995065789473684
2 0.6193985849056605 0.0962171052631579 0.13384433962264153 0.19078947368421054
4 0.7063679245283019 0.10567434210526316 0.09787735849056611 0.10773026315789475
0 0.30719339622641506 0.36019736842105265 0.06721698113207547 0.11184210526315791
