8 0.4495872641509434 0.6850328947368421 0.29775943396226423 0.1875
4 0.18956367924528303 0.6019736842105263 0.263561320754717 0.1529605263157895
0 0.3915094339622641 0.30304276315789475 0.1308962264150943 0.2705592105263158
5 0.42659198113207547 0.14597039473684212 0.16686320754716977 0.29194078947368424
0 0.6211674528301887 0.13445723684210525 0.1362028301886793 0.17023026315789475
0 0.6615566037735849 0.017269736842105265 0.054245283018867885 0.03453947368421053
1 0.792747641509434 0.5748355263157895 0.23643867924528306 0.2203947368421053
2 0.6518278301886793 0.6615953947368421 0.12794811320754718 0.171875
7 0.7037146226415094 0.8182565789473684 0.13974056603773588 0.1858552631578948
0 0.43278301886792453 0.902549342105263 0.17806603773584906 0.19161184210526316
