5 0.4050707547169811 0.10608552631578948 0.1721698113207547 0.2105263157894737
2 0.7650353773584906 0.7849506578947368 0.2387971698113207 0.16200657894736836
5 0.8060141509433962 0.2602796052631579 0.09198113207547176 0.2754934210526316
1 0.6818985849056605 0.25945723684210525 0.18455188679245282 0.24095394736842102
2 0.26827830188679247 0.5785361842105263 0.13089622641509435 0.38733552631578944
2 0.5969929245283019 0.7134046052631579 0.164504716981132 0.12582236842105265
2 0.4926297169811321 0.6624177631578947 0.08077830188679253 0.25082236842105254
0 0.3741155660377359 0.7183388157894737 0.1538915094339623 0.15213815789473684
0 0.34905660377358494 0.782483552631579 0.19457547169811323 0.09292763157894735
5 0.6034787735849056 0.9198190789473684 0.21992924528301883 0.15871710526315785
2 0.3608490566037736 0.9107730263157894 0.16863207547169812 0.1751644736842105
