8 0.6922169811320755 0.13363486842105263 0.09905660377358483 0.2475328947368421
2 0.6653891509433962 0.2713815789473684 0.10082547169811318 0.16282894736842105
5 0.6261792452830188 0.360608552631579 0.18160377358490565 0.19654605263157893
2 0.664504716981132 0.6044407894736843 0.3089622641509434 0.26973684210526316
1 0.7048938679245284 0.5127467105263158 0.13738207547169812 0.23437500000000006
2 0.6459316037735849 0.8663651315789473 0.14327830188679247 0.2639802631578947
2 0.5277122641509434 0.9375 0.115566037735849 0.12335526315789469
7 0.379127358490566 0.8622532894736842 0.09905660377358488 0.12417763157894735
0 0.27476415094339623 0.5069901315789473 0.09080188679245282 0.05509868421052627
2 0.31692216981132076 0.31620065789473684 0.18455188679245282 0.22944078947368418
1 0.08814858490566038 0.2972861842105263 0.17629716981132076 0.2935855263157895
0 0.17600235849056603 0.031661184210526314 0.13384433962264153 0.06332236842105263
