2 0.5132665094339623 0.05304276315789473 0.13384433962264153 0.10444078947368421
2 0.710495283018868 0.5386513157894737 0.09551886792452835 0.10197368421052633
2 0.7178655660377358 0.4379111842105263 0.09021226415094341 0.13404605263157898
2 0.7591391509433962 0.921875 0.1291273584905661 0.15296052631578938
0 0.3408018867924528 0.6875 0.0778301886792453 0.125
3 0.3245872641509434 0.5567434210526316 0.2329009433962264 0.2549342105263158
1 0.5218160377358491 0.7594572368421053 0.125 0.24753289473684215
0 0.216686320754717 0.8063322368421053 0.21875 0.18338815789473684
4 0.3891509433962264 0.9226973684210527 0.13561320754716977 0.1529605263157895
2 0.2532429245283019 0.944078947368421 0.17983490566037738 0.10855263157894735
