0 0.488502358490566 0.03947368421052632 0.08667452830188677 0.0756578947368421
5 0.8664504716981132 0.07401315789473684 0.15625 0.14638157894736842
2 0.5769457547169812 0.2787828947368421 0.23054245283018876 0.20394736842105263
2 0.5274174528301887 0.4638157894736842 0.27889150943396224 0.22039473684210525
5 0.4487028301886792 0.6480263157894737 0.22405660377358488 0.16282894736842102
2 0.5288915094339622 0.7483552631578947 0.18278301886792447 0.11842105263157887
0 0.5757665094339623 0.868421052631579 0.09728773584905659 0.13815789473684215
0 0.6465212264150944 0.9329769736842105 0.07134433962264153 0.13075657894736836
5 0.5035377358490566 0.9029605263157895 0.20990566037735853 0.17434210526315796
2 0.42836084905660377 0.9695723684210527 0.26356132075471694 0.05756578947368418
0 0.11851415094339622 0.9703947368421053 0.09787735849056603 0.05756578947368418
6 0.4873231132075472 0.14597039473684212 0.19162735849056606 0.16365131578947367
2 0.07163915094339623 0.2060032894736842 0.1409198113207547 0.1883223684210526
0 0.16214622641509435 0.03988486842105263 0.1509433962264151 0.078125
