0 0.01061320754716981 0.7010690789473684 0.02122641509433962 0.04194078947368418
0 0.13295990566037735 0.9576480263157895 0.07252358490566038 0.07976973684210531
0 0.6090801886792453 0.7783717105263157 0.10141509433962259 0.1439144736842105
2 0.45106132075471694 0.5028782894736842 0.10613207547169806 0.1702302631578947
2 0.5748820754716981 0.05592105263157895 0.08608490566037741 0.1118421052631579
0 0.43337264150943394 0.04481907894736842 0.034198113207547176 0.05180921052631579
2 0.4858490566037736 0.08388157894736842 0.14150943396226412 0.16447368421052633
0 0.4345518867924528 0.10279605263157894 0.089622641509434 0.08717105263157895
2 0.345813679245283 0.21998355263157893 0.22464622641509432 0.19490131578947367
7 0.19575471698113206 0.2911184210526316 0.12499999999999997 0.16611842105263155
