0 0.41981132075471694 0.011924342105263159 0.18749999999999994 0.017269736842105265
0 0.14887971698113206 0.9769736842105263 0.1008254716981132 0.04111842105263164
0 0.2535377358490566 0.7685032894736842 0.10613207547169809 0.12417763157894735
8 0.4212853773584906 0.6751644736842105 0.19634433962264147 0.17434210526315796
9 0.5498231132075472 0.6167763157894737 0.11851415094339623 0.20559210526315796
2 0.5557193396226415 0.8396381578947368 0.1680424528301887 0.2203947368421053
2 0.8343160377358491 0.9058388157894737 0.08372641509433953 0.11430921052631571
2 0.6055424528301887 0.06085526315789473 0.23702830188679247 0.12006578947368421
7 0.404186320754717 0.14679276315789475 0.12794811320754718 0.10773026315789475
2 0.20813679245283018 0.13075657894736842 0.24056603773584906 0.2236842105263158
