2 0.6105542452830188 0.5929276315789473 0.23879716981132082 0.14144736842105265
2 0.6055424528301887 0.7158717105263157 0.1403301886792453 0.14555921052631582
6 0.7172759433962264 0.36348684210526316 0.20459905660377353 0.319078947368421
1 0.7158018867924528 0.1949013157894737 0.1992924528301887 0.1743421052631579
0 0.5648584905660378 0.09375 0.18042452830188682 0.14802631578947367
1 0.5406839622641509 0.6480263157894737 0.18396226415094336 0.11677631578947367
2 0.5480542452830188 0.4576480263157895 0.2034198113207547 0.203125
2 0.6232311320754716 0.8922697368421053 0.3502358490566037 0.21381578947368418
5 0.6992924528301887 0.692845394736842 0.17688679245283023 0.3001644736842105
2 0.3608490566037736 0.8610197368421053 0.2393867924528302 0.23026315789473684
0 0.33549528301886794 0.6796875 0.1285377358490566 0.16036184210526305
2 0.36586084905660377 0.5328947368421053 0.22346698113207547 0.24177631578947373
6 0.33903301886792453 0.30098684210526316 0.22523584905660377 0.13980263157894737
2 0.04540094339622641 0.602796052631579 0.08844339622641509 0.125
