8 0.7287735849056605 0.10649671052631579 0.17924528301886788 0.09950657894736842
2 0.8036556603773585 0.4745065789473685 0.20636792452830188 0.30427631578947373
0 0.37706367924528306 0.3795230263157895 0.05483490566037735 0.07483552631578949
2 0.5176886792452831 0.17064144736842105 0.2535377358490566 0.2870065789473684
2 0.10200471698113207 0.29769736842105265 0.1474056603773585 0.20230263157894737
0 0.1807193396226415 0.44366776315789475 0.06898584905660377 0.12911184210526316
7 0.21108490566037735 0.6780427631578947 0.12382075471698115 0.18009868421052633
0 0.36202830188679247 0.725328947368421 0.03183962264150941 0.041118421052631526
5 0.29068396226415094 0.8367598684210527 0.14504716981132074 0.16036184210526316
2 0.24587264150943394 0.9539473684210527 0.1497641509433962 0.09046052631578949
2 0.4602004716981132 0.9148848684210527 0.2883254716981132 0.16529605263157898
2 0.6217570754716981 0.8486842105263158 0.17275943396226423 0.23519736842105265
9 0.6810141509433962 0.899671052631579 0.16627358490566047 0.19901315789473684
9 0.5728183962264151 0.48643092105263164 0.20577830188679241 0.20148026315789475
8 0.6435731132075472 0.42722039473684215 0.13974056603773577 0.1866776315789474
