2 0.8295990566037736 0.06085526315789473 0.08372641509433965 0.12006578947368421
2 0.7205188679245282 0.06578947368421052 0.1096698113207547 0.13157894736842105
2 0.24882075471698115 0.4424342105263158 0.107311320754717 0.31743421052631576
2 0.15123820754716982 0.4477796052631579 0.1267688679245283 0.4317434210526315
5 0.39298349056603776 0.45148026315789475 0.18808962264150947 0.2796052631578948
7 0.10200471698113207 0.7594572368421053 0.18514150943396226 0.25082236842105254
2 0.5654481132075472 0.45723684210526316 0.11202830188679247 0.11184210526315791
2 0.4920400943396226 0.600328947368421 0.3178066037735849 0.22368421052631582
2 0.24262971698113206 0.868421052631579 0.07488207547169809 0.1907894736842105
2 0.4425117924528302 0.9432565789473684 0.24115566037735847 0.11019736842105254
4 0.32193396226415094 0.9037828947368421 0.17806603773584906 0.1875
8 0.632370283018868 0.7750822368421053 0.254127358490566 0.18338815789473684
2 0.7302476415094339 0.9473684210526316 0.21403301886792458 0.10197368421052622
7 0.8387382075471699 0.8248355263157895 0.14563679245283023 0.22532894736842102
2 0.6715801886792452 0.699013157894737 0.2346698113207547 0.16776315789473684
0 0.5507075471698113 0.2162828947368421 0.3278301886792453 0.4292763157894737
