6 0.45784198113207547 0.3519736842105263 0.2222877358490566 0.2845394736842105
2 0.44752358490566035 0.17557565789473684 0.09905660377358488 0.15707236842105265
0 0.508254716981132 0.10814144736842106 0.1285377358490566 0.12417763157894737
0 0.5330188679245282 0.4625822368421053 0.13443396226415094 0.14884868421052638
7 0.43101415094339623 0.6233552631578947 0.30778301886792453 0.3157894736842105
7 0.6804245283018868 0.10896381578947369 0.23349056603773588 0.21792763157894737
0 0.12087264150943397 0.8474506578947368 0.10023584905660378 0.16200657894736836
5 0.2181603773584906 0.0625 0.22169811320754718 0.12664473684210525
6 0.6863207547169812 0.4671052631578948 0.12735849056603776 0.3585526315789474
0 0.8071933962264151 0.9884868421052632 0.057783018867924585 0.021381578947368363
