0 0.3599646226415094 0.027960526315789474 0.08431603773584906 0.05592105263157895
2 0.41627358490566035 0.9720394736842105 0.16155660377358488 0.05427631578947367
2 0.2670990566037736 0.23396381578947367 0.21698113207547168 0.22615131578947367
5 0.49027122641509435 0.2240953947368421 0.22700471698113206 0.17187499999999997
0 0.5144457547169812 0.013980263157894737 0.04068396226415094 0.026315789473684213
7 0.1824882075471698 0.6994243421052632 0.32016509433962265 0.3873355263157894
1 0.23172169811320753 0.9103618421052632 0.16273584905660377 0.17763157894736836
0 0.8269457547169812 0.07894736842105263 0.03714622641509435 0.06085526315789474
8 0.6745283018867925 0.8560855263157895 0.1556603773584906 0.24013157894736836
0 0.667747641509434 0.6032072368421053 0.15625 0.21299342105263153
3 0.7768278301886793 0.6620065789473684 0.11379716981132082 0.4621710526315789
0 0.8814858490566038 0.5908717105263157 0.1521226415094339 0.1439144736842105
1 0.8352004716981132 0.33675986842105265 0.15153301886792458 0.296875
1 0.823997641509434 0.18174342105263158 0.2069575471698113 0.274671052631579
