0 0.9516509433962264 0.10032894736842105 0.09551886792452835 0.19901315789473684
5 0.7691627358490567 0.013569078947368422 0.16568396226415094 0.027138157894736843
6 0.6922169811320755 0.14226973684210525 0.222877358490566 0.2845394736842105
4 0.7084316037735849 0.3770559210526316 0.20931603773584906 0.20805921052631582
5 0.7497051886792453 0.8273026315789473 0.19988207547169812 0.16940789473684215
4 0.36969339622641506 0.7438322368421053 0.11084905660377359 0.29029605263157887
0 0.24204009433962265 0.4457236842105263 0.13502358490566038 0.29111842105263164
8 0.6188089622641509 0.2532894736842105 0.20577830188679247 0.13157894736842107
2 0.4805424528301887 0.09457236842105263 0.169811320754717 0.1875
6 0.2662146226415094 0.18215460526315788 0.1373820754716981 0.22779605263157893
7 0.20931603773584906 0.07319078947368421 0.13797169811320753 0.1430921052631579
