0 0.2641509433962264 0.013569078947368422 0.13797169811320753 0.027138157894736843
0 0.15241745283018868 0.03618421052631579 0.08313679245283018 0.06907894736842105
4 0.5209316037735849 0.19901315789473684 0.2399764150943396 0.2154605263157895
2 0.5368514150943396 0.35320723684210525 0.33903301886792453 0.1998355263157895
5 0.49616745283018865 0.24629934210526316 0.13502358490566035 0.20641447368421054
2 0.5775353773584906 0.9527138157894737 0.21167452830188682 0.09292763157894735
2 0.7632665094339622 0.6788651315789473 0.19988207547169812 0.3314144736842105
1 0.5922759433962264 0.739720394736842 0.22110849056603776 0.30838815789473684
2 0.6680424528301887 0.1513157894736842 0.24410377358490565 0.3026315789473684
1 0.09876179245283018 0.1591282894736842 0.10790094339622641 0.3133223684210526
0 0.07016509433962265 0.234375 0.03183962264150943 0.05427631578947367
0 0.15035377358490565 0.14884868421052633 0.024764150943396207 0.08552631578947369
7 0.15064858490566035 0.5736019736842105 0.2281839622641509 0.21299342105263158
