2 0.34375 0.03453947368421053 0.1910377358490566 0.06578947368421052
6 0.48909198113207547 0.4198190789473685 0.17865566037735847 0.3347039473684211
3 0.457252358490566 0.802220394736842 0.23525943396226418 0.16200657894736847
7 0.6883844339622642 0.8548519736842105 0.1715801886792453 0.2886513157894737
9 0.913620283018868 0.7216282894736842 0.17040094339622647 0.20970394736842102
0 0.7700471698113207 0.6101973684210527 0.11556603773584906 0.2203947368421053
0 0.8139740566037736 0.5333059210526315 0.0701650943396227 0.08634868421052627
5 0.6969339622641509 0.24013157894736842 0.1603773584905661 0.2828947368421053
2 0.2841981132075472 0.11389802631578946 0.17334905660377356 0.140625
9 0.6273584905660378 0.20106907894736842 0.10023584905660377 0.22450657894736845
0 0.24204009433962265 0.3848684210526316 0.19516509433962262 0.1875
0 0.27653301886792453 0.25616776315789475 0.1757075471698113 0.1356907894736842
2 0.6515330188679245 0.05756578947368421 0.2700471698113208 0.11348684210526316
2 0.39298349056603776 0.1924342105263158 0.111438679245283 0.33552631578947373
2 0.26002358490566035 0.957236842105263 0.07665094339622641 0.08223684210526316
