2 0.7193396226415094 0.14268092105263158 0.13797169811320753 0.28536184210526316
2 0.6524174528301887 0.3470394736842105 0.13384433962264153 0.2549342105263158
6 0.47818396226415094 0.303453947368421 0.259433962264151 0.3289473684210526
0 0.30778301886792453 0.32113486842105265 0.14386792452830188 0.140625
5 0.30306603773584906 0.4222861842105263 0.08136792452830188 0.09292763157894735
0 0.32163915094339623 0.25411184210526316 0.04068396226415094 0.03289473684210523
0 0.39799528301886794 0.4375 0.034198113207547176 0.049342105263157854
4 0.47140330188679247 0.5123355263157895 0.2423349056603774 0.1447368421052631
7 0.2824292452830189 0.5814144736842105 0.1403301886792453 0.16447368421052633
0 0.34109669811320753 0.918174342105263 0.1232311320754717 0.16036184210526316
5 0.42688679245283023 0.963404605263158 0.21462264150943394 0.07154605263157887
2 0.5999410377358491 0.9370888157894737 0.1255896226415094 0.12253289473684204
5 0.5294811320754716 0.794407894736842 0.1544811320754717 0.2845394736842105
0 0.648879716981132 0.7142269736842105 0.1090801886792453 0.13404605263157898
0 0.8201650943396226 0.6324013157894737 0.12382075471698106 0.20065789473684204
1 0.7314268867924528 0.5555098684210527 0.0972877358490567 0.3050986842105263
2 0.5303655660377359 0.655016447368421 0.3119103773584906 0.20805921052631582
1 0.6173349056603774 0.49136513157894735 0.09198113207547165 0.14720394736842102
0 0.6801297169811321 0.553453947368421 0.06308962264150941 0.1858552631578948
7 0.5023584905660377 0.10320723684210527 0.13443396226415094 0.19983552631578946
