0 0.29009433962264153 0.04893092105263158 0.09433962264150944 0.09786184210526316
0 0.5999410377358491 0.020559210526315787 0.030070754716981174 0.03782894736842105
0 0.6199882075471699 0.1907894736842105 0.048938679245282946 0.04769736842105263
5 0.2759433962264151 0.21710526315789475 0.1320754716981132 0.2845394736842105
0 0.6886792452830188 0.2923519736842105 0.1485849056603773 0.2113486842105263
7 0.8419811320754716 0.483141447368421 0.11910377358490565 0.14884868421052627
5 0.573997641509434 0.5711348684210527 0.09964622641509435 0.19654605263157898
5 0.4339622641509434 0.6143092105263158 0.14150943396226423 0.3190789473684211
2 0.33637971698113206 0.5863486842105263 0.09021226415094341 0.28618421052631576
0 0.16892688679245282 0.15501644736842105 0.1597877358490566 0.18338815789473684
