2 0.7809551886792453 0.16817434210526316 0.13030660377358494 0.3330592105263158
0 0.3021816037735849 0.9658717105263157 0.07488207547169812 0.06496710526315785
2 0.45961084905660377 0.9132401315789473 0.11497641509433959 0.16694078947368418
9 0.5852004716981132 0.936266447368421 0.1527122641509434 0.12253289473684215
2 0.6568396226415094 0.8577302631578947 0.10259433962264153 0.10032894736842113
4 0.5542452830188679 0.7549342105263158 0.11792452830188677 0.11019736842105265
0 0.3870872641509434 0.7220394736842105 0.024174528301886766 0.0625
1 0.5807783018867925 0.608141447368421 0.11202830188679247 0.23601973684210525
7 0.49528301886792453 0.5304276315789473 0.097877358490566 0.1365131578947369
8 0.71875 0.587171052631579 0.09080188679245293 0.16611842105263153
0 0.8337264150943395 0.4276315789473685 0.034198113207547176 0.17927631578947373
6 0.6706957547169812 0.4342105263157895 0.0819575471698113 0.22368421052631576
0 0.5716391509433962 0.3770559210526316 0.16568396226415089 0.18996710526315785
5 0.30483490566037735 0.41652960526315785 0.11084905660377362 0.2508223684210526
8 0.570754716981132 0.2491776315789474 0.2110849056603773 0.09703947368421054
9 0.5919811320754716 0.09251644736842106 0.16863207547169812 0.18503289473684212
3 0.7116745283018868 0.10115131578947369 0.0778301886792453 0.20065789473684212
2 0.35436320754716977 0.872532894736842 0.17688679245283018 0.2532894736842105
