0 0.5521816037735849 0.9535361842105263 0.026533018867924585 0.06990131578947367
6 0.5804834905660377 0.6455592105263157 0.11025943396226412 0.23848684210526316
2 0.45548349056603776 0.7035361842105263 0.1774764150943396 0.19654605263157898
2 0.419811320754717 0.5291940789473684 0.1839622641509434 0.18996710526315785
5 0.37293632075471694 0.3778782894736842 0.20224056603773582 0.17516447368421056
8 0.27859669811320753 0.3392269736842105 0.13148584905660377 0.19325657894736842
7 0.6659787735849056 0.3807565789473685 0.1987028301886793 0.24835526315789475
9 0.648879716981132 0.19572368421052633 0.1326650943396227 0.13322368421052633
0 0.5035377358490566 0.03248355263157895 0.07783018867924535 0.061677631578947366
2 0.6795400943396226 0.07771381578947369 0.08549528301886788 0.15213815789473686
0 0.5993514150943395 0.036184210526315784 0.10318396226415094 0.07072368421052631
2 0.216686320754717 0.06291118421052631 0.11379716981132074 0.11924342105263158
