0 0.523879716981132 0.046052631578947366 0.08549528301886788 0.09046052631578948
2 0.6695165094339623 0.6529605263157894 0.09139150943396224 0.2845394736842105
8 0.5480542452830188 0.6714638157894737 0.13384433962264153 0.19490131578947367
0 0.7886202830188679 0.8087993421052632 0.025353773584905648 0.05180921052631571
2 0.6571344339622641 0.8482730263157895 0.23761792452830188 0.15542763157894735
2 0.7865566037735849 0.8680098684210527 0.17334905660377353 0.2623355263157895
5 0.84375 0.9025493421052632 0.1450471698113207 0.16529605263157898
0 0.8095518867924528 0.963404605263158 0.09787735849056611 0.07154605263157887
2 0.5397995283018868 0.9375 0.11969339622641512 0.12006578947368429
5 0.35495283018867924 0.9469572368421053 0.08372641509433965 0.10279605263157887
7 0.21137971698113206 0.8120888157894737 0.0831367924528302 0.20970394736842102
3 0.4926297169811321 0.2574013157894737 0.2824292452830189 0.14967105263157895
2 0.30660377358490565 0.1402138157894737 0.1497641509433962 0.23601973684210528
