2 0.47553066037735847 0.04851973684210526 0.20577830188679247 0.09539473684210527
0 0.8464033018867925 0.050986842105263164 0.12676886792452824 0.09868421052631579
1 0.42954009433962265 0.12006578947368421 0.25176886792452835 0.24013157894736842
2 0.6533018867924528 0.08675986842105263 0.2146226415094339 0.1373355263157895
0 0.5377358490566038 0.4066611842105263 0.14150943396226418 0.14720394736842107
2 0.6344339622641509 0.6212993421052632 0.125 0.2047697368421053
0 0.5613207547169812 0.7138157894736842 0.06603773584905659 0.07072368421052633
0 0.45548349056603776 0.8050986842105263 0.05365566037735853 0.10361842105263164
2 0.5259433962264151 0.7989309210526316 0.14858490566037735 0.25246710526315785
0 0.2841981132075472 0.19078947368421054 0.2841981132075472 0.24506578947368424
