5 0.7290683962264151 0.07935855263157894 0.10672169811320753 0.15707236842105263
0 0.36379716981132076 0.11307565789473684 0.09080188679245282 0.0962171052631579
0 0.5489386792452831 0.025493421052631582 0.11792452830188682 0.049342105263157895
5 0.6105542452830188 0.06578947368421052 0.16214622641509435 0.13157894736842105
1 0.2529481132075472 0.2734375 0.25 0.2294407894736842
2 0.4758254716981132 0.3807565789473684 0.09905660377358488 0.1875
0 0.3935731132075472 0.5020559210526316 0.1055424528301887 0.30838815789473684
2 0.28803066037735847 0.43667763157894735 0.1892688679245283 0.1743421052631579
4 0.13974056603773585 0.5674342105263157 0.14504716981132076 0.2911184210526315
2 0.3561320754716981 0.8104440789473684 0.2570754716981132 0.3314144736842105
0 0.5173938679245282 0.9703947368421053 0.09139150943396224 0.05592105263157887
4 0.6294221698113207 0.9432565789473684 0.17275943396226412 0.11184210526315785
2 0.6992924528301887 0.2882401315789474 0.19339622641509435 0.39391447368421056
