1 0.6111438679245284 0.049342105263157895 0.06898584905660377 0.09539473684210525
0 0.6426886792452831 0.12458881578947369 0.16863207547169812 0.24753289473684212
5 0.7635613207547169 0.125 0.08136792452830188 0.2467105263157895
2 0.6709905660377358 0.5279605263157895 0.27122641509433965 0.34210526315789475
2 0.7290683962264151 0.8310032894736843 0.08549528301886788 0.18503289473684215
2 0.8251768867924528 0.9268092105263158 0.13856132075471694 0.14144736842105265
0 0.507370283018868 0.9613486842105263 0.12794811320754718 0.07565789473684204
2 0.3278301886792453 0.8963815789473684 0.08844339622641506 0.17434210526315785
2 0.5 0.7569901315789473 0.19339622641509435 0.23930921052631582
0 0.06544811320754718 0.6007401315789473 0.13089622641509435 0.3560855263157895
3 0.5678066037735849 0.18708881578947367 0.25707547169811323 0.19654605263157895
