2 0.4876179245283019 0.1743421052631579 0.16509433962264147 0.3470394736842105
0 0.38119103773584906 0.03330592105263158 0.04893867924528306 0.06332236842105263
0 0.3408018867924528 0.04523026315789474 0.05306603773584906 0.08717105263157894
1 0.5607311320754718 0.8359375 0.16509433962264153 0.3231907894736843
7 0.4428066037735849 0.9580592105263158 0.08726415094339623 0.07894736842105265
7 0.39711084905660377 0.9247532894736843 0.10318396226415094 0.14555921052631582
0 0.25884433962264153 0.7454769736842105 0.1780660377358491 0.19325657894736836
7 0.4227594339622641 0.5699013157894737 0.13207547169811323 0.13651315789473684
8 0.5058962264150944 0.45394736842105265 0.07665094339622641 0.2384868421052631
5 0.5754716981132075 0.11389802631578946 0.10141509433962259 0.22450657894736842
