2 0.7853773584905661 0.524671052631579 0.12617924528301894 0.4325657894736842
0 0.6630306603773585 0.40008223684210525 0.0819575471698113 0.078125
3 0.6807193396226414 0.47121710526315785 0.1090801886792453 0.1710526315789473
7 0.6347287735849056 0.5941611842105263 0.1326650943396226 0.18503289473684204
2 0.21609669811320756 0.6944901315789473 0.138561320754717 0.2672697368421053
0 0.19192216981132076 0.8285361842105263 0.07724056603773585 0.022203947368421018
0 0.20754716981132076 0.9177631578947368 0.1367924528301887 0.1611842105263157
0 0.17688679245283018 0.9321546052631579 0.10023584905660379 0.13240131578947367
0 0.33284198113207547 0.326891447368421 0.052476415094339646 0.06496710526315791
2 0.25442216981132076 0.3856907894736842 0.2152122641509434 0.19243421052631576
0 0.22965801886792453 0.02960526315789474 0.09021226415094341 0.05756578947368421
0 0.1877948113207547 0.017269736842105265 0.15860849056603774 0.03453947368421053
