4 0.30159198113207547 0.5189144736842105 0.13384433962264153 0.3601973684210526
6 0.6102594339622642 0.3236019736842105 0.1014150943396227 0.1899671052631579
2 0.5294811320754718 0.32442434210526316 0.07075471698113212 0.10608552631578949
5 0.4929245283018868 0.4379111842105263 0.19575471698113206 0.23930921052631576
4 0.4852594339622641 0.6212993421052632 0.19103773584905664 0.22450657894736836
7 0.18425707547169812 0.49629934210526316 0.14681603773584906 0.21299342105263164
7 0.8242924528301887 0.5682565789473685 0.14976415094339623 0.21875000000000006
5 0.3366745283018868 0.8902138157894737 0.12617924528301888 0.21792763157894735
5 0.4767099056603773 0.861842105263158 0.15507075471698112 0.1578947368421052
0 0.8287146226415094 0.9469572368421053 0.13738207547169812 0.10444078947368418
7 0.7700471698113207 0.9259868421052632 0.09080188679245282 0.13980263157894735
7 0.6034787735849056 0.7310855263157894 0.24705188679245288 0.24506578947368418
3 0.36910377358490565 0.04851973684210526 0.2169811320754717 0.09703947368421052
