2 0.6494693396226414 0.3873355263157895 0.19044811320754718 0.2023026315789474
0 0.7971698113207547 0.49300986842105265 0.1367924528301887 0.06825657894736842
0 0.6724646226415094 0.4481907894736842 0.12676886792452824 0.1546052631578947
3 0.8275353773584906 0.8988486842105263 0.16922169811320753 0.19736842105263164
2 0.761497641509434 0.6208881578947368 0.21167452830188682 0.11842105263157898
2 0.6901533018867925 0.7171052631578947 0.16332547169811318 0.23026315789473684
1 0.6205778301886793 0.9173519736842106 0.24115566037735847 0.16036184210526316
5 0.5495283018867925 0.810032894736842 0.169811320754717 0.22861842105263153
0 0.3720518867924528 0.9724506578947368 0.07193396226415094 0.05180921052631571
0 0.20548349056603774 0.9728618421052632 0.056014150943396235 0.05263157894736836
1 0.38384433962264153 0.5916940789473684 0.14150943396226418 0.39226973684210525
0 0.6535966981132075 0.07976973684210527 0.15860849056603776 0.10690789473684212
2 0.5194575471698113 0.11636513157894737 0.25 0.21463815789473684
