0 0.4389740566037736 0.019325657894736843 0.06426886792452835 0.038651315789473686
0 0.033608490566037735 0.6200657894736842 0.06485849056603774 0.09539473684210531
0 0.07606132075471699 0.6541940789473684 0.04599056603773585 0.08634868421052622
2 0.35436320754716977 0.9683388157894737 0.16155660377358488 0.061677631578947345
4 0.3251768867924528 0.8947368421052632 0.24705188679245282 0.13815789473684204
2 0.44693396226415094 0.796875 0.2087264150943396 0.11348684210526305
2 0.4431014150943396 0.6833881578947368 0.11615566037735847 0.13980263157894735
8 0.6468160377358491 0.858141447368421 0.11202830188679247 0.27878289473684215
9 0.6418042452830188 0.4453125 0.1326650943396227 0.23108552631578944
2 0.2962853773584906 0.38363486842105265 0.09846698113207547 0.26398026315789475
5 0.6689268867924528 0.2964638157894737 0.10082547169811318 0.19325657894736845
