0 0.6471108490566038 0.729029605263158 0.032429245283018826 0.0452302631578948
2 0.7836084905660378 0.049753289473684216 0.1485849056603774 0.0962171052631579
2 0.6403301886792453 0.14144736842105263 0.294811320754717 0.1842105263157895
7 0.4404481132075472 0.688733552631579 0.17688679245283018 0.20805921052631582
4 0.5521816037735849 0.7652138157894737 0.12205188679245282 0.17845394736842102
5 0.5229952830188679 0.5271381578947368 0.14976415094339618 0.2582236842105263
1 0.5297759433962265 0.32195723684210525 0.23761792452830194 0.3264802631578948
2 0.5636792452830188 0.22245065789473684 0.07665094339622647 0.11595394736842102
2 0.6659787735849056 0.3449835526315789 0.12087264150943389 0.20312499999999997
2 0.40094339622641506 0.18955592105263158 0.15212264150943394 0.21134868421052633
0 0.2830188679245283 0.046875 0.1096698113207547 0.09375
