2 0.4033018867924528 0.13445723684210525 0.1721698113207547 0.2689144736842105
0 0.7287735849056604 0.08182565789473684 0.2299528301886793 0.16365131578947367
1 0.36379716981132076 0.9095394736842105 0.12264150943396224 0.17763157894736836
0 0.7099056603773586 0.8688322368421053 0.16627358490566035 0.22450657894736847
0 0.7331957547169812 0.9428453947368421 0.21049528301886788 0.109375
2 0.6373820754716981 0.6932565789473684 0.2841981132075471 0.19572368421052622
2 0.8095518867924529 0.6451480263157895 0.13443396226415094 0.31332236842105265
3 0.7856721698113207 0.40460526315789475 0.1409198113207547 0.21381578947368418
2 0.6382665094339622 0.5587993421052632 0.13148584905660377 0.13898026315789475
1 0.5056014150943396 0.578125 0.16450471698113206 0.2006578947368421
2 0.4982311320754717 0.708470394736842 0.1285377358490566 0.16036184210526316
0 0.4410377358490566 0.7701480263157894 0.08490566037735847 0.11266447368421051
3 0.3717570754716981 0.5851151315789473 0.129127358490566 0.41200657894736836
2 0.20607311320754718 0.5805921052631579 0.22464622641509435 0.2976973684210526
