0 0.8449292452830188 0.4198190789473685 0.1096698113207547 0.17187500000000006
6 0.8048349056603774 0.31620065789473684 0.0860849056603773 0.140625
2 0.8234080188679245 0.8597861842105263 0.16568396226415094 0.27713815789473684
0 0.5961084905660377 0.9473684210526316 0.07900943396226412 0.049342105263157854
0 0.5017688679245282 0.9547697368421053 0.07900943396226412 0.08881578947368418
3 0.37234669811320753 0.9226973684210527 0.1409198113207547 0.15131578947368418
0 0.5683962264150944 0.6986019736842105 0.23584905660377364 0.24259868421052633
3 0.394752358490566 0.6759868421052632 0.18219339622641512 0.22697368421052633
2 0.5085495283018868 0.5263157894736842 0.10790094339622641 0.19407894736842102
2 0.41627358490566035 0.44777960526315785 0.15330188679245282 0.33634868421052627
7 0.2585495283018868 0.46258223684210525 0.1161556603773585 0.18174342105263153
2 0.5633844339622642 0.234375 0.11615566037735847 0.23355263157894735
