2 0.8086674528301887 0.5361842105263158 0.17040094339622636 0.39802631578947373
2 0.6241155660377358 0.3248355263157895 0.14681603773584906 0.24342105263157893
1 0.6182193396226415 0.5982730263157895 0.22346698113207553 0.2574013157894737
0 0.6241155660377359 0.9646381578947368 0.07488207547169812 0.06907894736842102
2 0.5825471698113207 0.8865131578947368 0.12028301886792458 0.17269736842105265
1 0.4445754716981132 0.537828947368421 0.20047169811320753 0.21052631578947362
3 0.7653301886792453 0.24588815789473684 0.18985849056603765 0.48190789473684215
0 0.17570754716981135 0.7972861842105263 0.1627358490566038 0.22121710526315796
2 0.31485849056603776 0.8079769736842105 0.1474056603773585 0.25575657894736836
2 0.5020636792452831 0.8421052631578947 0.11025943396226412 0.3092105263157895
2 0.6314858490566038 0.11677631578947369 0.08018867924528306 0.23026315789473686
2 0.522995283018868 0.11883223684210525 0.12617924528301894 0.23601973684210525
