4 0.6376768867924528 0.07935855263157894 0.19988207547169812 0.15871710526315788
2 0.6120283018867925 0.03125 0.04599056603773588 0.05756578947368421
7 0.5409787735849056 0.23560855263157893 0.1232311320754717 0.15707236842105263
8 0.4386792452830188 0.6282894736842105 0.2983490566037736 0.19736842105263164
7 0.8410966981132075 0.587171052631579 0.1444575471698113 0.3388157894736842
6 0.7096108490566038 0.662828947368421 0.17865566037735858 0.256578947368421
0 0.5686910377358491 0.8120888157894737 0.1538915094339623 0.1981907894736843
0 0.8605542452830188 0.9666940789473684 0.11851415094339623 0.056743421052631526
0 0.3133844339622641 0.9794407894736842 0.05483490566037735 0.03782894736842102
0 0.2275943396226415 0.9375 0.0955188679245283 0.12335526315789469
2 0.16597877358490565 0.1747532894736842 0.28125 0.2508223684210526
