2 0.7614976415094339 0.21504934210526316 0.26002358490566035 0.21957236842105265
8 0.4879127358490566 0.8511513157894737 0.17983490566037735 0.10032894736842102
2 0.4065448113207547 0.24013157894736842 0.19634433962264158 0.1529605263157895
2 0.4336674528301887 0.08634868421052631 0.21992924528301888 0.17269736842105263
7 0.3110259433962264 0.3277138157894737 0.1597877358490566 0.14555921052631582
0 0.0433372641509434 0.4329769736842105 0.05837264150943397 0.11101973684210525
2 0.29481132075471694 0.47039473684210525 0.09905660377358488 0.29276315789473684
2 0.10436320754716981 0.6755756578947368 0.16745283018867926 0.21299342105263164
2 0.27535377358490565 0.7302631578947368 0.1686320754716981 0.26315789473684204
0 0.4719929245283019 0.9333881578947368 0.17040094339622636 0.13157894736842102
0 0.4304245283018868 0.9132401315789473 0.03419811320754712 0.06332236842105265
3 0.7791863207547169 0.3622532894736842 0.06544811320754718 0.0929276315789474
4 0.4566627358490566 0.7417763157894737 0.19634433962264158 0.1529605263157895
6 0.5689858490566038 0.7413651315789473 0.08726415094339623 0.25246710526315785
5 0.47051886792452835 0.6036184210526316 0.16391509433962265 0.1529605263157895
2 0.453125 0.4753289473684211 0.2387971698113207 0.23190789473684215
0 0.6099646226415094 0.3412828947368421 0.08431603773584906 0.26480263157894735
0 0.6544811320754718 0.4144736842105263 0.030660377358490476 0.09210526315789475
2 0.7617924528301887 0.5777138157894737 0.28301886792452835 0.397203947368421
7 0.18425707547169812 0.05016447368421053 0.16214622641509435 0.10032894736842106
