2 0.9578419811320755 0.07648026315789473 0.08077830188679236 0.15296052631578946
0 0.7712264150943396 0.05838815789473684 0.08608490566037741 0.1118421052631579
2 0.7025353773584906 0.8910361842105263 0.1715801886792453 0.21463815789473684
1 0.48673349056603776 0.8026315789473684 0.2741745283018868 0.26973684210526316
0 0.4858490566037736 0.6451480263157895 0.12028301886792458 0.16529605263157898
2 0.5445165094339622 0.3367598684210526 0.19988207547169806 0.3050986842105263
5 0.6170400943396226 0.298108552631579 0.15860849056603776 0.20641447368421056
1 0.3782429245283019 0.290296052631579 0.22464622641509435 0.2648026315789474
4 0.45784198113207547 0.14185855263157895 0.16686320754716977 0.2837171052631579
2 0.1597877358490566 0.20106907894736842 0.11674528301886791 0.28536184210526316
0 0.24498820754716982 0.1451480263157895 0.07488207547169812 0.11266447368421054
