2 0.7311320754716981 0.07935855263157894 0.30660377358490565 0.15707236842105263
0 0.5557193396226414 0.7898848684210527 0.11025943396226412 0.11595394736842102
9 0.3959316037735849 0.05016447368421053 0.11851415094339623 0.10032894736842106
5 0.332252358490566 0.33100328947368424 0.11379716981132076 0.18338815789473686
5 0.1267688679245283 0.5209703947368421 0.1403301886792453 0.3100328947368421
7 0.36556603773584906 0.587171052631579 0.07075471698113212 0.17927631578947373
4 0.47906839622641506 0.5571546052631579 0.18219339622641506 0.17351973684210525
2 0.5961084905660377 0.5061677631578947 0.152122641509434 0.3939144736842105
2 0.39946933962264153 0.7944078947368421 0.1892688679245283 0.17105263157894735
2 0.3160377358490566 0.9461348684210527 0.08136792452830188 0.10608552631578949
2 0.5026533018867925 0.916529605263158 0.12087264150943394 0.16529605263157887
1 0.7558962264150944 0.337171052631579 0.20165094339622636 0.3026315789473684
0 0.5663325471698113 0.9292763157894737 0.0784198113207547 0.13980263157894735
6 0.6497641509433962 0.821546052631579 0.16863207547169812 0.16940789473684215
4 0.6353183962264151 0.9239309210526316 0.059551886792452824 0.10115131578947378
0 0.6951650943396226 0.958470394736842 0.12264150943396224 0.08141447368421051
5 0.6686320754716981 0.576891447368421 0.10141509433962259 0.22286184210526316
5 0.7942216981132075 0.4498355263157895 0.18278301886792447 0.274671052631579
1 0.20548349056603774 0.09416118421052631 0.21757075471698112 0.18667763157894737
