0 0.6359080188679245 0.009868421052631578 0.16568396226415094 0.019736842105263157
0 0.4994103773584906 0.11019736842105263 0.03891509433962265 0.0674342105263158
2 0.3266509433962264 0.21710526315789475 0.1132075471698113 0.23684210526315788
5 0.5056014150943396 0.21998355263157893 0.10082547169811323 0.2574013157894737
5 0.5294811320754718 0.5263157894736843 0.1285377358490566 0.3174342105263158
0 0.3779481132075472 0.6944901315789473 0.10495283018867924 0.22615131578947367
0 0.4516509433962264 0.5053453947368421 0.028301886792452824 0.045230263157894746
3 0.5869693396226415 0.900904605263158 0.23408018867924524 0.18996710526315785
0 0.7040094339622642 0.9720394736842106 0.0860849056603773 0.050986842105263164
2 0.8369693396226415 0.739720394736842 0.11261792452830188 0.22779605263157887
2 0.6382665094339623 0.6019736842105263 0.15860849056603776 0.24835526315789475
1 0.7989386792452831 0.5501644736842105 0.1839622641509434 0.20065789473684204
2 0.7214033018867925 0.716282894736842 0.21639150943396224 0.1891447368421052
2 0.7387971698113207 0.5123355263157895 0.12146226415094341 0.10361842105263164
5 0.43307783018867924 0.09416118421052631 0.13502358490566035 0.18667763157894737
