2 0.703125 0.0234375 0.11025943396226423 0.04523026315789473
2 0.3245872641509434 0.07072368421052631 0.111438679245283 0.13980263157894737
0 0.2729952830188679 0.12582236842105263 0.10495283018867924 0.18585526315789475
3 0.5728183962264151 0.04029605263157895 0.06780660377358494 0.0805921052631579
0 0.6099646226415094 0.03618421052631579 0.03125 0.04276315789473684
7 0.2974646226415094 0.31332236842105265 0.1538915094339623 0.1759868421052632
8 0.3517099056603774 0.5394736842105263 0.11379716981132076 0.23684210526315796
5 0.6936910377358491 0.17023026315789475 0.22582547169811318 0.1825657894736842
0 0.047759433962264154 0.864720394736842 0.09551886792452831 0.12746710526315785
2 0.17806603773584906 0.9375 0.20518867924528306 0.12006578947368429
7 0.5241745283018868 0.751233552631579 0.14150943396226412 0.20805921052631582
2 0.5846108490566038 0.8865131578947368 0.09964622641509435 0.22203947368421062
0 0.11615566037735849 0.07154605263157895 0.14622641509433962 0.1069078947368421
