2 0.3293042452830188 0.9243421052631579 0.1420990566037736 0.14802631578947367
9 0.482311320754717 0.9272203947368421 0.089622641509434 0.140625
2 0.4351415094339623 0.7750822368421053 0.20165094339622647 0.19654605263157887
3 0.2647405660377358 0.6772203947368421 0.13679245283018868 0.38898026315789475
5 0.48172169811320753 0.47574013157894735 0.2382075471698113 0.19161184210526322
5 0.5091391509433962 0.3519736842105263 0.15978773584905653 0.12006578947368418
7 0.3319575471698113 0.4013157894736842 0.09433962264150947 0.1430921052631579
7 0.3581957547169811 0.23725328947368424 0.1680424528301887 0.20312500000000003
3 0.6300117924528301 0.38856907894736836 0.13502358490566035 0.23601973684210525
6 0.5032429245283019 0.17269736842105263 0.25176886792452824 0.22532894736842107
3 0.7090212264150944 0.592516447368421 0.1916273584905661 0.20476973684210525
2 0.7797759433962264 0.4551809210526315 0.23879716981132082 0.2820723684210526
7 0.8157429245283019 0.2265625 0.13502358490566047 0.22286184210526316
