0 0.8797169811320755 0.05304276315789474 0.047169811320754707 0.05838815789473685
0 0.2974646226415094 0.04564144736842105 0.076061320754717 0.0912828947368421
2 0.39593160377358494 0.02055921052631579 0.12087264150943394 0.04111842105263158
0 0.5595518867924528 0.03248355263157895 0.11438679245283012 0.06332236842105264
2 0.1568396226415094 0.3441611842105263 0.16037735849056603 0.3478618421052631
2 0.3856132075471698 0.3223684210526316 0.31485849056603776 0.2532894736842105
2 0.48201650943396224 0.20476973684210525 0.11261792452830188 0.11842105263157895
5 0.5100235849056604 0.47574013157894735 0.16981132075471694 0.24259868421052627
2 0.5613207547169812 0.6015625 0.15094339622641512 0.2574013157894737
2 0.3673349056603774 0.6398026315789473 0.2169811320754717 0.22697368421052633
9 0.2349646226415094 0.8199013157894737 0.15624999999999997 0.24013157894736836
0 0.2152122641509434 0.9716282894736842 0.09433962264150944 0.05509868421052633
2 0.44575471698113206 0.96875 0.19811320754716977 0.06085526315789469
0 0.5698702830188679 0.8622532894736842 0.2045990566037736 0.272203947368421
2 0.7387971698113207 0.8819901315789473 0.09551886792452835 0.2327302631578947
5 0.6420990566037736 0.4666940789473684 0.09080188679245282 0.20805921052631582
2 0.7225825471698113 0.6443256578947368 0.21875 0.3050986842105263
4 0.7853773584905661 0.5518092105263158 0.13325471698113212 0.17763157894736842
2 0.7216981132075472 0.373766447368421 0.08018867924528306 0.3675986842105263
2 0.8125 0.4136513157894737 0.12617924528301883 0.33388157894736836
6 0.6494693396226415 0.06825657894736842 0.19988207547169812 0.13651315789473684
1 0.7806603773584906 0.08264802631578948 0.20518867924528306 0.1636513157894737
2 0.8169221698113207 0.1665296052631579 0.1326650943396227 0.203125
