2 0.8357900943396226 0.1225328947368421 0.07724056603773588 0.24342105263157895
2 0.7396816037735849 0.2709703947368421 0.1680424528301887 0.3495065789473684
2 0.9507665094339622 0.923108552631579 0.07606132075471694 0.15213815789473684
2 0.8410966981132075 0.9111842105263157 0.09257075471698117 0.17598684210526316
5 0.6306014150943396 0.9095394736842106 0.15742924528301883 0.15131578947368418
5 0.45076650943396224 0.8157894736842105 0.10436320754716982 0.3108552631578947
0 0.3935731132075472 0.907483552631579 0.23525943396226418 0.18174342105263153
0 0.29952830188679247 0.709703947368421 0.20754716981132074 0.23355263157894735
0 0.6073113207547169 0.4683388157894737 0.08372641509433965 0.10773026315789469
0 0.3402122641509434 0.32277960526315785 0.1096698113207547 0.06003289473684209
2 0.3074882075471698 0.39144736842105265 0.27889150943396224 0.23026315789473678
0 0.5224056603773585 0.1381578947368421 0.07783018867924535 0.17598684210526314
0 0.47317216981132076 0.03207236842105263 0.13502358490566035 0.06249999999999999
7 0.30571933962264153 0.08881578947368421 0.10082547169811323 0.14144736842105265
0 0.2841981132075472 0.013569078947368422 0.05542452830188682 0.027138157894736843
