1 0.48968160377358494 0.04481907894736842 0.1704009433962264 0.08799342105263158
0 0.7438089622641509 0.11472039473684212 0.1255896226415094 0.171875
0 0.6872051886792453 0.34004934210526316 0.039504716981132004 0.048519736842105254
2 0.7093160377358491 0.42269736842105265 0.12971698113207553 0.20394736842105265
1 0.8720518867924528 0.90625 0.09551886792452824 0.18421052631578938
1 0.29038915094339623 0.8519736842105263 0.16922169811320756 0.2154605263157895
1 0.5300707547169812 0.7080592105263158 0.25000000000000006 0.24177631578947367
2 0.44634433962264153 0.6126644736842105 0.21462264150943394 0.20888157894736836
0 0.2193396226415094 0.6846217105263157 0.21816037735849056 0.09950657894736847
9 0.22110849056603776 0.5328947368421053 0.18514150943396226 0.16118421052631582
