1 0.3752948113207547 0.03741776315789473 0.15153301886792453 0.07319078947368421
0 0.9501768867924528 0.0756578947368421 0.0972877358490567 0.1513157894736842
1 0.6824882075471699 0.18379934210526316 0.19634433962264153 0.18996710526315788
0 0.984375 0.7351973684210527 0.0277122641509433 0.12993421052631582
2 0.7718160377358491 0.5921052631578947 0.1214622641509433 0.2796052631578948
5 0.6818985849056605 0.5337171052631579 0.120872641509434 0.2351973684210526
2 0.7476415094339622 0.9046052631578947 0.11202830188679247 0.15625
8 0.34375 0.3560855263157895 0.10849056603773588 0.2006578947368421
0 0.2809551886792453 0.4449013157894737 0.03714622641509435 0.050986842105263164
2 0.1872051886792453 0.39473684210526316 0.15860849056603776 0.4046052631578947
1 0.3272405660377359 0.5546875 0.09433962264150947 0.26069078947368424
