0 0.6647995283018868 0.04029605263157895 0.11733490566037741 0.07894736842105264
2 0.633254716981132 0.5082236842105263 0.3172169811320754 0.2006578947368421
2 0.555129716981132 0.686266447368421 0.31073113207547165 0.21299342105263153
7 0.5507075471698113 0.8133223684210527 0.125 0.11348684210526316
2 0.42806603773584906 0.8577302631578947 0.21226415094339623 0.16611842105263153
3 0.5804834905660378 0.9366776315789473 0.2741745283018868 0.12171052631578949
7 0.15241745283018868 0.9000822368421053 0.2211084905660377 0.19490131578947367
0 0.46285377358490565 0.5160361842105263 0.05188679245283018 0.05674342105263164
4 0.46167452830188677 0.4292763157894737 0.24174528301886788 0.20065789473684204
7 0.23172169811320753 0.6019736842105263 0.09433962264150941 0.1875
0 0.17954009433962265 0.3075657894736842 0.18455188679245282 0.24013157894736842
0 0.4988207547169812 0.027138157894736843 0.06839622641509441 0.05263157894736842
0 0.4454599056603774 0.17393092105263158 0.17511792452830194 0.24753289473684212
7 0.33372641509433965 0.08429276315789473 0.14033018867924524 0.16529605263157895
