2 0.7402712264150944 0.06578947368421052 0.06780660377358494 0.12664473684210528
1 0.6503537735849056 0.17722039473684212 0.1485849056603774 0.24095394736842107
2 0.7688679245283019 0.4983552631578947 0.22169811320754718 0.3618421052631579
7 0.6698113207547169 0.4810855263157895 0.15330188679245282 0.19901315789473678
2 0.9436910377358491 0.9169407894736843 0.07724056603773577 0.16118421052631582
2 0.8263561320754718 0.8355263157894737 0.13384433962264153 0.30098684210526316
2 0.6774764150943395 0.9354440789473684 0.17688679245283023 0.12582236842105254
5 0.5778301886792453 0.6192434210526316 0.10849056603773577 0.2565789473684211
7 0.24911556603773585 0.578125 0.18219339622641512 0.21546052631578944
5 0.4366155660377359 0.21792763157894737 0.20695754716981135 0.1743421052631579
