0 0.3452240566037736 0.017269736842105265 0.09964622641509435 0.03453947368421053
0 0.7962853773584906 0.01644736842105263 0.08667452830188682 0.02960526315789474
8 0.710495283018868 0.10032894736842106 0.152122641509434 0.20065789473684212
9 0.6633254716981132 0.20764802631578946 0.089622641509434 0.23930921052631576
5 0.6140919811320755 0.337171052631579 0.23879716981132076 0.15296052631578944
0 0.5893278301886793 0.2545230263157895 0.07488207547169812 0.09621710526315788
2 0.6686320754716981 0.623766447368421 0.15330188679245282 0.24259868421052633
4 0.6580188679245282 0.8869243421052632 0.17334905660377353 0.22450657894736836
2 0.4929245283018868 0.7726151315789473 0.13325471698113206 0.1998355263157895
0 0.3637971698113207 0.42269736842105265 0.19811320754716982 0.3338815789473684
7 0.33048349056603776 0.21751644736842107 0.138561320754717 0.20641447368421054
