1 0.7443985849056605 0.0678453947368421 0.2222877358490566 0.13404605263157895
0 0.7841981132075472 0.21669407894736842 0.23231132075471694 0.2310855263157895
8 0.44310141509433965 0.15871710526315788 0.2800707547169812 0.28618421052631576
2 0.5772405660377359 0.059621710526315784 0.16391509433962265 0.11759868421052631
4 0.12264150943396226 0.40254934210526316 0.24528301886792453 0.1685855263157895
0 0.2102004716981132 0.2767269736842105 0.18691037735849053 0.2376644736842105
7 0.21255896226415094 0.524671052631579 0.19398584905660377 0.2532894736842105
0 0.36202830188679247 0.39925986842105265 0.15919811320754718 0.18174342105263158
2 0.19369103773584906 0.9198190789473684 0.15625 0.15871710526315785
1 0.3977004716981132 0.9255756578947368 0.236438679245283 0.1455592105263157
5 0.34640330188679247 0.8363486842105263 0.1939858490566038 0.1513157894736843
0 0.3587853773584906 0.7323190789473684 0.111438679245283 0.11595394736842113
0 0.7665094339622642 0.9806743421052632 0.11084905660377353 0.033717105263157965
8 0.6356132075471698 0.8301809210526316 0.14976415094339623 0.2376644736842105
2 0.5798938679245284 0.8626644736842105 0.2329009433962264 0.2730263157894737
2 0.7986438679245284 0.7282072368421053 0.21875 0.4136513157894737
2 0.5566037735849056 0.421875 0.2523584905660377 0.34703947368421056
6 0.6052476415094339 0.3338815789473684 0.15860849056603776 0.2845394736842105
