2 0.6043632075471698 0.6751644736842105 0.17452830188679247 0.3684210526315789
7 0.4180424528301887 0.6356907894736843 0.13561320754716982 0.2154605263157895
1 0.47877358490566035 0.5826480263157895 0.042452830188679236 0.05345394736842102
1 0.33048349056603776 0.5374177631578947 0.19516509433962265 0.2195723684210526
2 0.4425117924528301 0.15172697368421054 0.23054245283018865 0.30180921052631576
2 0.5857900943396226 0.24958881578947367 0.1857311320754717 0.34128289473684215
2 0.6008254716981132 0.057565789473684216 0.22405660377358488 0.1118421052631579
0 0.5088443396226415 0.7294407894736842 0.15330188679245277 0.20230263157894735
2 0.5026533018867925 0.9021381578947368 0.10790094339622641 0.1924342105263157
0 0.07016509433962263 0.8038651315789473 0.1061320754716981 0.1373355263157895
