2 0.42452830188679247 0.11759868421052631 0.10259433962264153 0.23355263157894737
0 0.6942806603773585 0.9901315789473684 0.05719339622641506 0.018092105263157854
2 0.4543042452830188 0.8388157894736843 0.1621462264150943 0.16611842105263153
0 0.35377358490566035 0.7911184210526316 0.08844339622641512 0.08717105263157887
7 0.29451650943396224 0.7203947368421053 0.13030660377358488 0.17763157894736847
7 0.265625 0.6595394736842105 0.12676886792452832 0.20888157894736836
2 0.8136792452830188 0.8741776315789473 0.19575471698113212 0.2483552631578947
2 0.34375 0.11389802631578948 0.1132075471698113 0.11595394736842105
2 0.42836084905660377 0.2504111842105263 0.11143867924528306 0.203125
1 0.5058962264150944 0.1768092105263158 0.13089622641509435 0.3503289473684211
0 0.3867924528301887 0.2652138157894737 0.0625 0.14226973684210528
0 0.3605542452830188 0.22162828947368424 0.03950471698113206 0.1324013157894737
2 0.37971698113207547 0.04851973684210526 0.097877358490566 0.09539473684210527
7 0.30100235849056606 0.9276315789473684 0.08431603773584906 0.14144736842105254
