0 0.6869103773584906 0.234375 0.15094339622641506 0.16282894736842105
7 0.4419221698113207 0.9300986842105263 0.1503537735849056 0.13322368421052633
1 0.4675707547169812 0.3470394736842105 0.13207547169811323 0.12993421052631576
5 0.6757075471698113 0.3573190789473685 0.13443396226415094 0.21299342105263158
1 0.35288915094339623 0.5291940789473684 0.21285377358490568 0.16694078947368418
7 0.13089622641509435 0.920641447368421 0.2016509433962264 0.15707236842105265
0 0.5934551886792453 0.8778782894736843 0.15742924528301883 0.23930921052631582
1 0.7152122641509434 0.8236019736842105 0.09551886792452824 0.10115131578947367
1 0.6945754716981132 0.7606907894736842 0.1485849056603774 0.1875
0 0.792747641509434 0.900904605263158 0.12441037735849059 0.19654605263157887
2 0.6580188679245284 0.5731907894736842 0.16273584905660377 0.22532894736842102
2 0.5085495283018868 0.7228618421052632 0.07488207547169812 0.10032894736842102
0 0.3626179245283019 0.20271381578947367 0.2075471698113207 0.16529605263157895
