7 0.08962264150943396 0.5234375 0.09316037735849056 0.09786184210526311
2 0.1875 0.6467927631578947 0.24056603773584906 0.19161184210526316
2 0.46875 0.6336348684210527 0.1580188679245283 0.24424342105263164
5 0.3263561320754717 0.7405427631578947 0.22818396226415094 0.18996710526315785
5 0.30188679245283023 0.5476973684210527 0.1544811320754717 0.2384868421052631
2 0.5268278301886793 0.9070723684210527 0.18573113207547165 0.18256578947368418
2 0.6721698113207547 0.3922697368421053 0.14150943396226423 0.18585526315789475
1 0.5221108490566038 0.057154605263157895 0.2069575471698113 0.11266447368421054
0 0.5064858490566038 0.1533717105263158 0.24646226415094347 0.13569078947368418
5 0.6842570754716981 0.6435032894736842 0.2152122641509433 0.29194078947368424
3 0.734375 0.9120065789473684 0.12205188679245293 0.16611842105263153
0 0.6376768867924528 0.975328947368421 0.1055424528301887 0.046052631578947345
2 0.7570754716981132 0.2212171052631579 0.09316037735849059 0.3075657894736842
0 0.19693396226415094 0.3441611842105263 0.09316037735849059 0.24424342105263155
