4 0.7028301886792452 0.15501644736842105 0.13443396226415094 0.3100328947368421
2 0.6338443396226415 0.19202302631578946 0.07311320754716988 0.2722039473684211
4 0.5887382075471698 0.014391447368421052 0.09375 0.027138157894736843
7 0.5235849056603774 0.17886513157894737 0.12617924528301888 0.11101973684210527
5 0.4183372641509434 0.18256578947368424 0.12087264150943394 0.28125
2 0.5713443396226415 0.430921052631579 0.25589622641509435 0.21710526315789475
5 0.46698113207547165 0.4621710526315789 0.20636792452830183 0.20559210526315785
2 0.5913915094339622 0.9173519736842105 0.30542452830188677 0.16365131578947367
0 0.17983490566037735 0.8992598684210527 0.09669811320754718 0.13075657894736836
1 0.33903301886792453 0.7960526315789473 0.14150943396226412 0.3700657894736842
0 0.2783018867924528 0.4584703947368421 0.17334905660377362 0.21299342105263153
2 0.23142688679245282 0.29070723684210525 0.1928066037735849 0.15542763157894735
7 0.2261202830188679 0.07401315789473684 0.2211084905660377 0.14473684210526316
