3 0.6992924528301887 0.07154605263157894 0.089622641509434 0.14144736842105263
2 0.6247051886792453 0.10485197368421052 0.0819575471698113 0.20970394736842105
3 0.39946933962264153 0.10526315789473684 0.22228773584905653 0.20888157894736842
0 0.37264150943396224 0.1953125 0.10141509433962265 0.1356907894736842
9 0.5368514150943396 0.3363486842105263 0.21992924528301888 0.15131578947368418
0 0.4091981132075472 0.3861019736842105 0.0625 0.06990131578947367
1 0.5135613207547169 0.48684210526315785 0.18632075471698112 0.13322368421052627
0 0.47140330188679247 0.5929276315789473 0.051297169811320764 0.044407894736842146
8 0.4879127358490566 0.6504934210526316 0.1326650943396226 0.19572368421052622
7 0.14357311320754718 0.8898026315789473 0.1479952830188679 0.20888157894736836
4 0.38148584905660377 0.8811677631578947 0.21344339622641506 0.14720394736842113
2 0.3564268867924528 0.9695723684210527 0.19988207547169812 0.05921052631578949
1 0.6842570754716981 0.9017269736842105 0.21757075471698117 0.19490131578947367
2 0.7556014150943395 0.6484375 0.09728773584905659 0.3264802631578947
2 0.7287735849056605 0.25699013157894735 0.19575471698113212 0.2820723684210526
6 0.20076650943396226 0.09333881578947369 0.13266509433962265 0.18503289473684212
