0 0.20725235849056606 0.6398026315789473 0.08785377358490568 0.1266447368421053
2 0.17659198113207547 0.05633223684210527 0.08549528301886794 0.109375
5 0.3313679245283019 0.08264802631578946 0.0955188679245283 0.16200657894736842
2 0.484375 0.9370888157894737 0.12441037735849059 0.12253289473684204
2 0.7069575471698113 0.41036184210526316 0.20636792452830188 0.35690789473684204
4 0.6152712264150944 0.19942434210526316 0.2222877358490566 0.14391447368421054
2 0.27535377358490565 0.7310855263157895 0.11910377358490565 0.20394736842105265
2 0.39740566037735847 0.657483552631579 0.10377358490566041 0.1439144736842105
6 0.3402122641509434 0.4379111842105263 0.18278301886792453 0.32483552631578944
5 0.5165094339622641 0.2532894736842105 0.08490566037735853 0.09539473684210528
2 0.25619103773584906 0.9642269736842105 0.07370283018867926 0.06825657894736836
