6 0.5191627358490566 0.9403782894736843 0.11261792452830188 0.11924342105263153
0 0.5737028301886793 0.025493421052631582 0.11910377358490565 0.049342105263157895
2 0.21963443396226415 0.2689144736842105 0.20695754716981135 0.15624999999999997
3 0.16391509433962265 0.31332236842105265 0.1403301886792453 0.14967105263157893
2 0.2184551886792453 0.4745065789473684 0.2847877358490566 0.2911184210526315
0 0.05630896226415095 0.5497532894736843 0.0902122641509434 0.060032894736842146
5 0.4722877358490566 0.6525493421052632 0.22287735849056606 0.11595394736842102
5 0.6252948113207548 0.647203947368421 0.09021226415094341 0.22861842105263153
2 0.4012382075471698 0.7952302631578947 0.2152122641509434 0.1891447368421052
0 0.7196344339622641 0.9827302631578947 0.04422169811320753 0.0328947368421052
2 0.835495283018868 0.9226973684210527 0.08844339622641517 0.1529605263157895
2 0.8254716981132075 0.787828947368421 0.14268867924528306 0.17105263157894735
2 0.710495283018868 0.4325657894736842 0.20754716981132082 0.15953947368421056
8 0.6568396226415094 0.31085526315789475 0.22405660377358494 0.14473684210526316
0 0.6129127358490567 0.8104440789473684 0.18455188679245282 0.1439144736842105
0 0.15418632075471697 0.027549342105263157 0.08549528301886793 0.05180921052631579
