2 0.3909198113207547 0.13075657894736842 0.1910377358490566 0.2582236842105263
2 0.8278301886792453 0.13980263157894737 0.1485849056603774 0.27631578947368424
1 0.22729952830188677 0.06291118421052631 0.12441037735849056 0.1225328947368421
0 0.5094339622641509 0.17845394736842107 0.13207547169811318 0.07565789473684212
0 0.5678066037735849 0.009046052631578948 0.050707547169811296 0.016447368421052634
2 0.1577240566037736 0.9259868421052632 0.1527122641509434 0.14638157894736836
9 0.27446933962264153 0.7397203947368421 0.1586084905660377 0.2738486842105263
7 0.3584905660377359 0.7582236842105263 0.0683962264150943 0.14638157894736836
2 0.6842570754716981 0.9255756578947368 0.12205188679245282 0.1455592105263157
8 0.4831957547169811 0.6361019736842105 0.08667452830188671 0.2047697368421053
8 0.2774174528301887 0.4814967105263158 0.23172169811320756 0.2787828947368421
8 0.5645636792452831 0.48273026315789475 0.22582547169811323 0.1595394736842105
2 0.4858490566037736 0.3495065789473684 0.26415094339622647 0.33717105263157887
2 0.7514740566037736 0.5892269736842105 0.15860849056603776 0.2574013157894737
8 0.765625 0.4847861842105263 0.085495283018868 0.28042763157894735
2 0.6886792452830188 0.2911184210526316 0.14268867924528295 0.3832236842105263
2 0.6928066037735849 0.04893092105263158 0.18042452830188682 0.09457236842105263
0 0.1317806603773585 0.01274671052631579 0.044221698113207544 0.023848684210526317
