4 0.6981132075471699 0.1513157894736842 0.11792452830188671 0.3026315789473684
2 0.7971698113207548 0.3355263157894737 0.1839622641509434 0.3305921052631579
7 0.22287735849056603 0.13527960526315788 0.1273584905660377 0.10937499999999999
0 0.2620872641509434 0.3363486842105263 0.06662735849056603 0.12171052631578949
5 0.41273584905660377 0.3939144736842105 0.14740566037735847 0.13322368421052633
5 0.5283018867924528 0.3729440789473684 0.12264150943396229 0.24917763157894735
2 0.27564858490566035 0.5933388157894737 0.1975235849056604 0.1768092105263157
5 0.22287735849056603 0.9708059210526316 0.17452830188679241 0.056743421052631526
2 0.41951650943396224 0.8429276315789473 0.21992924528301883 0.3125
0 0.6235259433962264 0.9798519736842105 0.0819575471698114 0.03865131578947367
6 0.8030660377358491 0.8807565789473684 0.18278301886792447 0.23684210526315785
2 0.6574292452830188 0.6348684210526316 0.27594339622641517 0.26480263157894746
2 0.566627358490566 0.594983552631579 0.08844339622641506 0.24588815789473684
0 0.6279481132075472 0.5583881578947368 0.04009433962264142 0.046052631578947345
0 0.6506485849056605 0.7183388157894737 0.09139150943396224 0.09128289473684204
0 0.14858490566037735 0.10320723684210525 0.11320754716981134 0.20476973684210525
