0 0.4719929245283019 0.05633223684210526 0.29540094339622636 0.11101973684210527
7 0.20813679245283018 0.7849506578947368 0.13089622641509432 0.2574013157894737
5 0.45135613207547176 0.908717105263158 0.18808962264150947 0.18092105263157887
2 0.44428066037735847 0.8170230263157895 0.19280660377358488 0.12582236842105265
0 0.53125 0.9588815789473684 0.05306603773584895 0.047697368421052544
2 0.5878537735849056 0.8614309210526316 0.15094339622641506 0.2754934210526315
1 0.8522995283018868 0.5740131578947368 0.1362028301886793 0.45230263157894735
8 0.6441627358490566 0.47738486842105265 0.14209905660377364 0.3741776315789474
2 0.7591391509433962 0.3120888157894737 0.21757075471698117 0.18667763157894735
2 0.7632665094339623 0.23273026315789475 0.1090801886792453 0.23355263157894735
7 0.6662735849056604 0.09375 0.12617924528301883 0.18256578947368424
8 0.46196933962264153 0.15501644736842105 0.10436320754716988 0.23273026315789475
