2 0.8413915094339622 0.47574013157894735 0.11792452830188682 0.29851973684210525
0 0.7591391509433962 0.42475328947368424 0.04893867924528306 0.078125
2 0.6712853773584906 0.5945723684210527 0.21167452830188682 0.3881578947368421
1 0.816627358490566 0.9103618421052632 0.16863207547169812 0.17763157894736836
4 0.6824882075471698 0.9173519736842105 0.11851415094339623 0.16365131578947367
5 0.43956367924528306 0.9695723684210527 0.0642688679245283 0.05921052631578949
2 0.5011792452830188 0.5505756578947368 0.07900943396226418 0.19325657894736836
0 0.5778301886792453 0.047286184210526314 0.14150943396226423 0.09457236842105263
2 0.45813679245283023 0.054276315789473686 0.22641509433962265 0.10855263157894737
2 0.1653891509433962 0.24300986842105263 0.28596698113207547 0.2722039473684211
2 0.27446933962264153 0.09991776315789473 0.16450471698113206 0.19983552631578946
