0 0.6362028301886793 0.9814967105263157 0.09316037735849048 0.033717105263157854
0 0.21550707547169812 0.41159539473684215 0.04186320754716982 0.06825657894736842
0 0.5209316037735849 0.15419407894736842 0.035966981132075415 0.046875
0 0.5595518867924528 0.1517269736842105 0.05188679245283012 0.07319078947368421
8 0.5129716981132075 0.07483552631578948 0.0919811320754717 0.12664473684210528
2 0.5884433962264151 0.06743421052631579 0.09433962264150941 0.13157894736842107
0 0.6827830188679245 0.07195723684210525 0.097877358490566 0.140625
8 0.4495872641509434 0.15748355263157895 0.20813679245283018 0.1537828947368421
5 0.5159198113207547 0.5863486842105263 0.18278301886792447 0.22203947368421045
0 0.4566627358490566 0.7771381578947368 0.03125 0.11184210526315796
2 0.5144457547169812 0.8120888157894737 0.23172169811320759 0.2393092105263157
2 0.29952830188679247 0.766858552631579 0.2016509433962264 0.3050986842105263
