2 0.6226415094339622 0.34004934210526316 0.2665094339622642 0.20970394736842105
2 0.6925117924528301 0.6019736842105263 0.2069575471698114 0.2072368421052631
2 0.7744693396226415 0.8141447368421053 0.22936320754716988 0.21381578947368418
2 0.7346698113207547 0.9181743421052632 0.16863207547169812 0.15871710526315796
2 0.8635023584905661 0.9662828947368421 0.09610849056603776 0.0625
4 0.5288915094339622 0.9268092105263158 0.13561320754716982 0.14144736842105265
5 0.377063679245283 0.8741776315789473 0.13738207547169812 0.2483552631578947
0 0.2977594339622641 0.983141447368421 0.07547169811320759 0.030427631578947345
7 0.08225235849056604 0.8955592105263157 0.1645047169811321 0.20723684210526316
0 0.40359669811320753 0.7516447368421053 0.15153301886792453 0.09703947368421051
0 0.33755896226415094 0.704358552631579 0.13856132075471694 0.24259868421052633
7 0.47494103773584906 0.5929276315789473 0.10908018867924524 0.3223684210526316
1 0.2727004716981132 0.5008223684210527 0.12087264150943394 0.17434210526315785
2 0.19162735849056606 0.23314144736842105 0.12500000000000003 0.38569078947368424
1 0.4410377358490566 0.11225328947368421 0.3231132075471698 0.22450657894736842
