7 0.44752358490566035 0.9272203947368421 0.15801886792452824 0.140625
0 0.0504127358490566 0.8404605263157895 0.09846698113207547 0.17927631578947367
9 0.2670990566037736 0.8083881578947368 0.1875 0.29769736842105265
2 0.4236438679245283 0.7117598684210527 0.12441037735849059 0.203125
0 0.13561320754716982 0.5575657894736842 0.04716981132075472 0.06907894736842102
5 0.2662146226415094 0.5205592105263157 0.1845518867924528 0.2763157894736842
9 0.47405660377358494 0.516858552631579 0.20047169811320759 0.2754934210526315
2 0.5339033018867925 0.140625 0.10436320754716988 0.2779605263157895
0 0.47759433962264153 0.0625 0.08254716981132076 0.12006578947368421
7 0.41686320754716977 0.13939144736842105 0.18749999999999994 0.19161184210526316
0 0.16420990566037735 0.062088815789473686 0.06898584905660377 0.12417763157894737
2 0.10347877358490566 0.06291118421052631 0.11497641509433962 0.12582236842105263
