0 0.15949292452830188 0.31496710526315785 0.03125 0.060855263157894746
3 0.6901533018867925 0.6439144736842105 0.11143867924528306 0.319078947368421
2 0.3909198113207547 0.9226973684210527 0.25353773584905664 0.14967105263157898
5 0.5666273584905661 0.9132401315789473 0.16509433962264153 0.171875
0 0.0347877358490566 0.3930921052631579 0.0695754716981132 0.10855263157894735
2 0.21108490566037735 0.40213815789473684 0.08018867924528303 0.2894736842105263
2 0.37912735849056606 0.4379111842105263 0.2700471698113208 0.18338815789473678
6 0.4372051886792453 0.23026315789473684 0.27535377358490565 0.24177631578947367
2 0.6017099056603774 0.5267269736842105 0.1173349056603773 0.19983552631578955
0 0.5044221698113207 0.04810855263157895 0.08313679245283023 0.09457236842105264
2 0.8466981132075472 0.12171052631578948 0.13207547169811318 0.24342105263157895
3 0.7647405660377359 0.09868421052631579 0.09316037735849059 0.19407894736842107
3 0.42777122641509435 0.05550986842105263 0.08077830188679247 0.109375
2 0.6848466981132075 0.12294407894736842 0.07606132075471694 0.20148026315789475
1 0.6577240566037736 0.018503289473684213 0.16686320754716977 0.03536184210526316
2 0.5816627358490566 0.12047697368421052 0.13030660377358494 0.19983552631578946
0 0.45754716981132076 0.04975328947368421 0.0625 0.09786184210526316
2 0.1096698113207547 0.8445723684210527 0.14976415094339623 0.3042763157894737
