5 0.30336084905660377 0.5633223684210527 0.12676886792452832 0.2944078947368421
7 0.1807193396226415 0.1459703947368421 0.16450471698113206 0.1981907894736842
0 0.39976415094339623 0.0546875 0.10023584905660377 0.10773026315789475
2 0.4044811320754717 0.30550986842105265 0.2028301886792453 0.1916118421052632
9 0.13590801886792453 0.40625 0.16686320754716982 0.1529605263157895
1 0.3139740566037736 0.4379111842105263 0.11969339622641506 0.22779605263157898
2 0.6659787735849056 0.10608552631578948 0.12794811320754718 0.19407894736842105
2 0.539504716981132 0.4370888157894737 0.347877358490566 0.30180921052631576
2 0.4970518867924528 0.7360197368421053 0.2476415094339623 0.3026315789473685
8 0.8502358490566038 0.8355263157894737 0.10377358490566047 0.14638157894736836
2 0.8570165094339622 0.7060032894736843 0.05483490566037741 0.18338815789473684
2 0.6229363207547169 0.2709703947368421 0.19280660377358494 0.16858552631578946
5 0.7809551886792453 0.27960526315789475 0.15035377358490565 0.2779605263157895
