2 0.8269457547169812 0.23807565789473684 0.08313679245283023 0.203125
2 0.7264150943396226 0.897203947368421 0.06839622641509424 0.20394736842105265
6 0.5872641509433962 0.8692434210526316 0.22523584905660377 0.2598684210526315
5 0.5849056603773585 0.6488486842105263 0.17806603773584911 0.24342105263157898
0 0.4837853773584906 0.5374177631578947 0.076061320754717 0.1077302631578948
5 0.1836674528301887 0.6842105263157895 0.15625000000000003 0.2203947368421053
2 0.2777122641509434 0.5744243421052632 0.11084905660377356 0.28207236842105265
1 0.569870283018868 0.3762335526315789 0.15860849056603776 0.2705592105263158
6 0.3564268867924528 0.42269736842105265 0.2340801886792453 0.34868421052631576
6 0.5875589622641509 0.16241776315789475 0.21403301886792447 0.15542763157894735
2 0.31810141509433965 0.19654605263157895 0.19988207547169815 0.12006578947368424
