5 0.6459316037735849 0.08100328947368421 0.15389150943396224 0.16036184210526316
5 0.7762382075471698 0.2948190789473684 0.13148584905660377 0.334703947368421
5 0.7414504716981132 0.7467105263157895 0.20931603773584906 0.17763157894736836
5 0.5869693396226415 0.8873355263157895 0.20459905660377364 0.13157894736842102
5 0.43160377358490565 0.873766447368421 0.20636792452830188 0.19161184210526316
2 0.38649764150943394 0.7125822368421053 0.1090801886792453 0.18667763157894746
4 0.4206957547169812 0.5423519736842105 0.21875000000000006 0.22615131578947367
0 0.45990566037735847 0.3996710526315789 0.08844339622641506 0.0625
0 0.5002948113207547 0.24013157894736842 0.15625 0.2549342105263158
7 0.332252358490566 0.05509868421052632 0.13266509433962265 0.1069078947368421
