2 0.625 0.3515625 0.17806603773584895 0.45805921052631576
7 0.5778301886792453 0.5526315789473684 0.1568396226415094 0.18256578947368418
2 0.5515919811320754 0.6229440789473685 0.23054245283018865 0.31990131578947373
3 0.5330188679245282 0.7750822368421053 0.1485849056603773 0.22286184210526316
5 0.6671580188679245 0.9202302631578947 0.09375 0.15625
0 0.3862028301886793 0.524671052631579 0.080188679245283 0.08388157894736842
6 0.32606132075471694 0.5921052631578947 0.13325471698113206 0.20723684210526316
0 0.33431603773584906 0.384046052631579 0.09080188679245282 0.18092105263157893
4 0.44663915094339623 0.22491776315789475 0.20341981132075465 0.14720394736842105
1 0.34610849056603776 0.09087171052631579 0.15212264150943394 0.1751644736842105
