2 0.5235849056603774 0.2754934210526316 0.10613207547169817 0.42269736842105265
1 0.616745283018868 0.2471217105263158 0.09551886792452835 0.44490131578947373
2 0.40625 0.21957236842105263 0.21344339622641506 0.31578947368421056
2 0.3142688679245283 0.15049342105263158 0.13915094339622644 0.26315789473684215
2 0.6745283018867925 0.08511513157894736 0.1096698113207547 0.16529605263157895
0 0.5707547169811321 0.02138157894736842 0.09433962264150941 0.041118421052631575
0 0.7163915094339622 0.35855263157894735 0.1132075471698113 0.125
5 0.515625 0.6657072368421053 0.16450471698113206 0.14884868421052633
2 0.5554245283018868 0.7931743421052632 0.2016509433962264 0.1702302631578947
8 0.6347287735849056 0.8943256578947368 0.21757075471698117 0.2080592105263157
3 0.3903301886792453 0.8421052631578947 0.2900943396226415 0.22368421052631582
2 0.29009433962264153 0.921875 0.14858490566037735 0.14967105263157898
