0 0.5958136792452831 0.008223684210526315 0.0548349056603773 0.01644736842105263
3 0.8068985849056604 0.6583059210526315 0.19398584905660377 0.3692434210526316
0 0.2048938679245283 0.3458059210526316 0.15625 0.2310855263157895
5 0.32370283018867924 0.4477796052631579 0.1615566037735849 0.2639802631578948
0 0.28537735849056606 0.5538651315789473 0.07547169811320756 0.11101973684210525
1 0.4808372641509434 0.4547697368421053 0.12323113207547176 0.2631578947368421
7 0.2603183962264151 0.772203947368421 0.15389150943396226 0.32401315789473684
7 0.370872641509434 0.744654605263158 0.12382075471698112 0.19819078947368418
0 0.5047169811320755 0.9901315789473684 0.05896226415094341 0.018092105263157854
2 0.5651533018867925 0.9087171052631579 0.12323113207547176 0.17927631578947367
4 0.5757665094339623 0.84375 0.11615566037735847 0.20394736842105265
2 0.7780070754716981 0.9136513157894737 0.11733490566037741 0.17105263157894735
0 0.8888561320754718 0.678453947368421 0.11025943396226412 0.16940789473684215
0 0.7735849056603774 0.030838815789473683 0.01650943396226412 0.01726973684210526
1 0.5940448113207547 0.6212993421052632 0.10790094339622636 0.17516447368421062
2 0.805129716981132 0.32524671052631576 0.191627358490566 0.41036184210526316
9 0.7883254716981132 0.469983552631579 0.18632075471698117 0.18832236842105265
6 0.7948113207547169 0.125 0.11556603773584906 0.2467105263157895
0 0.7393867924528301 0.2232730263157895 0.027122641509433998 0.11595394736842105
0 0.7673938679245284 0.2565789473684211 0.03714622641509435 0.07401315789473686
1 0.6544811320754718 0.12870065789473684 0.13797169811320764 0.17845394736842107
6 0.4696344339622642 0.07524671052631579 0.12676886792452835 0.14720394736842107
1 0.5598466981132075 0.06702302631578948 0.1055424528301887 0.1324013157894737
0 0.3440448113207547 0.013569078947368422 0.04186320754716982 0.023848684210526314
0 0.6827830188679245 0.028782894736842108 0.09316037735849048 0.05592105263157895
0 0.08991745283018868 0.057154605263157895 0.07370283018867924 0.11430921052631579
