0 0.3207547169811321 0.013980263157894737 0.07075471698113206 0.026315789473684213
2 0.7113797169811321 0.9181743421052632 0.21285377358490565 0.16200657894736836
2 0.6653891509433962 0.19695723684210525 0.14917452830188682 0.203125
1 0.6132075471698113 0.057154605263157895 0.2558962264150943 0.11266447368421054
7 0.5002948113207547 0.2709703947368421 0.10790094339622636 0.1800986842105263
2 0.41096698113207547 0.14268092105263158 0.21580188679245282 0.2623355263157895
0 0.37057783018867924 0.3638980263157895 0.21285377358490565 0.2310855263157895
0 0.20695754716981132 0.33675986842105265 0.17688679245283018 0.24917763157894737
0 0.17305424528301885 0.1607730263157895 0.16096698113207547 0.23766447368421054
2 0.426002358490566 0.6015625 0.29304245283018865 0.15213815789473695
6 0.4578419811320754 0.6973684210526316 0.19870283018867924 0.16940789473684215
4 0.40212264150943394 0.7972861842105263 0.18160377358490565 0.25575657894736836
