0 0.7102004716981132 0.975328947368421 0.09375 0.047697368421052655
2 0.5580778301886793 0.78125 0.06544811320754718 0.2828947368421053
0 0.4080188679245283 0.9609375 0.1403301886792453 0.07648026315789469
2 0.2971698113207547 0.9469572368421053 0.12264150943396224 0.10444078947368418
4 0.140625 0.8310032894736842 0.16568396226415094 0.3363486842105263
1 0.22169811320754718 0.7491776315789473 0.1556603773584906 0.39144736842105265
2 0.3664504716981132 0.5555098684210527 0.13620283018867924 0.16200657894736842
2 0.5291863207547169 0.4325657894736842 0.08077830188679241 0.18914473684210525
9 0.45076650943396224 0.4732730263157895 0.18691037735849053 0.26233552631578944
2 0.4342570754716981 0.2734375 0.1975235849056604 0.1455592105263158
4 0.28685141509433965 0.3277138157894737 0.15035377358490568 0.35444078947368424
2 0.22788915094339623 0.09375 0.19516509433962262 0.1875
