2 0.486438679245283 0.12294407894736842 0.1285377358490566 0.24424342105263158
2 0.7965801886792453 0.1377467105263158 0.10731132075471694 0.1274671052631579
0 0.1096698113207547 0.24794407894736842 0.044811320754716985 0.061677631578947345
0 0.30571933962264153 0.9749177631578947 0.10436320754716982 0.0485197368421052
2 0.3130896226415094 0.8560855263157894 0.20047169811320759 0.2845394736842105
2 0.4770047169811321 0.9379111842105263 0.06839622641509441 0.12253289473684204
2 0.7034198113207547 0.947779605263158 0.10731132075471694 0.10279605263157887
7 0.5816627358490566 0.9588815789473684 0.07959905660377364 0.08059210526315785
2 0.6453419811320755 0.8022203947368421 0.18691037735849048 0.28042763157894735
9 0.707252358490566 0.614720394736842 0.18219339622641506 0.1389802631578948
0 0.8086674528301887 0.47738486842105265 0.07016509433962259 0.1603618421052631
0 0.8378537735849056 0.4905427631578947 0.06603773584905659 0.17351973684210525
2 0.8493514150943396 0.5789473684210527 0.12441037735849059 0.1529605263157895
2 0.4091981132075472 0.373766447368421 0.08608490566037735 0.1537828947368421
6 0.558372641509434 0.41776315789473684 0.2016509433962264 0.3223684210526316
7 0.765625 0.31332236842105265 0.15035377358490565 0.3042763157894737
7 0.13974056603773585 0.13445723684210525 0.14386792452830188 0.1899671052631579
