1 0.7653301886792453 0.08470394736842106 0.13207547169811318 0.16940789473684212
2 0.944870283018868 0.9210526315789473 0.07724056603773588 0.1546052631578947
2 0.3272405660377358 0.493421052631579 0.2275943396226415 0.4819078947368421
0 0.12912735849056603 0.8404605263157894 0.18867924528301888 0.2220394736842105
2 0.5386202830188679 0.9486019736842105 0.07488207547169812 0.09950657894736836
0 0.5377358490566038 0.514391447368421 0.14150943396226418 0.17351973684210525
2 0.6751179245283019 0.8322368421052632 0.23113207547169812 0.2236842105263157
2 0.7600235849056604 0.9383223684210527 0.18278301886792447 0.11184210526315785
2 0.4652122641509434 0.13199013157894737 0.13797169811320753 0.26069078947368424
2 0.6423938679245282 0.6344572368421053 0.21992924528301894 0.14720394736842113
2 0.6739386792452831 0.4469572368421053 0.15330188679245282 0.22615131578947373
7 0.805129716981132 0.3519736842105263 0.12676886792452835 0.17598684210526316
7 0.6706957547169812 0.26480263157894735 0.2034198113207547 0.1694078947368421
