2 0.48673349056603776 0.3384046052631579 0.09492924528301888 0.3692434210526315
2 0.3122051886792453 0.7006578947368421 0.2859669811320754 0.3207236842105263
0 0.7815448113207547 0.9099506578947368 0.20577830188679247 0.1702302631578947
2 0.8646816037735849 0.9457236842105263 0.10082547169811318 0.10526315789473684
2 0.4369103773584906 0.05304276315789474 0.09433962264150947 0.10608552631578948
2 0.4212853773584906 0.1361019736842105 0.11969339622641512 0.1175986842105263
1 0.42747641509433965 0.24300986842105265 0.10141509433962265 0.10444078947368421
2 0.46285377358490565 0.5629111842105263 0.19103773584905664 0.28371710526315796
0 0.5769457547169812 0.2504111842105263 0.0784198113207547 0.14391447368421054
0 0.22523584905660377 0.046875 0.10495283018867926 0.09210526315789475
