4 0.6140919811320755 0.09333881578947369 0.13030660377358483 0.18503289473684212
2 0.4413325471698113 0.584703947368421 0.20106132075471694 0.15625
0 0.04716981132075472 0.12582236842105263 0.0625 0.12664473684210525
0 0.14416273584905662 0.6266447368421053 0.1597877358490566 0.18092105263157887
2 0.32016509433962265 0.7138157894736842 0.17099056603773588 0.3733552631578947
2 0.7314268867924528 0.9679276315789473 0.14917452830188682 0.0625
0 0.4498820754716981 0.14473684210526314 0.16981132075471694 0.22861842105263155
0 0.7839033018867925 0.9576480263157894 0.085495283018868 0.08141447368421051
2 0.8496462264150944 0.9510690789473684 0.0778301886792453 0.09621710526315785
2 0.6356132075471699 0.782483552631579 0.24764150943396224 0.34786184210526316
8 0.5975825471698113 0.5501644736842105 0.26591981132075476 0.13322368421052633
5 0.7505896226415094 0.4132401315789474 0.10023584905660377 0.2310855263157895
2 0.8242924528301887 0.46669407894736836 0.1910377358490566 0.39884868421052627
1 0.2679834905660377 0.04851973684210526 0.17747641509433962 0.09703947368421052
