0 0.7482311320754718 0.05838815789473684 0.02948113207547165 0.08552631578947369
3 0.7275943396226415 0.09292763157894737 0.07665094339622636 0.1842105263157895
0 0.6751179245283019 0.04358552631578947 0.057783018867924474 0.08717105263157894
7 0.6193985849056605 0.775904605263158 0.2222877358490566 0.2064144736842105
2 0.7547169811320755 0.9592927631578947 0.10259433962264153 0.0764802631578948
0 0.28567216981132076 0.755345394736842 0.14445754716981132 0.16694078947368418
2 0.40359669811320753 0.36636513157894735 0.13620283018867924 0.203125
2 0.5875589622641509 0.22491776315789475 0.21521226415094336 0.3050986842105263
2 0.5787146226415094 0.04810855263157895 0.07370283018867929 0.09457236842105264
0 0.23408018867924527 0.2598684210526316 0.142688679245283 0.23190789473684212
2 0.34551886792452835 0.09046052631578948 0.1580188679245283 0.12006578947368421
