2 0.9537146226415094 0.923108552631579 0.07370283018867929 0.15049342105263153
0 0.7134433962264151 0.9782072368421053 0.023584905660377298 0.04029605263157887
0 0.6892688679245282 0.9650493421052632 0.025943396226415172 0.06496710526315796
0 0.6282429245283019 0.977796052631579 0.05011792452830188 0.03947368421052633
5 0.6193985849056604 0.8470394736842105 0.19398584905660377 0.29934210526315796
7 0.7889150943396226 0.8404605263157895 0.17334905660377353 0.20888157894736836
2 0.7883254716981132 0.9305098684210527 0.152122641509434 0.1373355263157895
5 0.5477594339622642 0.9613486842105263 0.18278301886792458 0.07565789473684204
6 0.386497641509434 0.9576480263157894 0.1586084905660377 0.08305921052631582
0 0.27329009433962265 0.8552631578947368 0.20106132075471697 0.1266447368421053
7 0.23909198113207547 0.3984375 0.15742924528301885 0.234375
