8 0.8201650943396226 0.39432565789473684 0.15919811320754718 0.37253289473684204
2 0.7175707547169812 0.7220394736842105 0.3054245283018867 0.3141447368421053
2 0.9442806603773585 0.9185855263157895 0.07370283018867929 0.15625
7 0.339622641509434 0.9300986842105263 0.142688679245283 0.13486842105263164
0 0.20194575471698112 0.9724506578947368 0.09610849056603774 0.05345394736842102
2 0.43514150943396224 0.35608552631578944 0.22995283018867924 0.4884868421052631
2 0.6025943396226414 0.22779605263157895 0.10259433962264153 0.2911184210526316
0 0.5828419811320755 0.043996710526315784 0.15389150943396224 0.08634868421052631
2 0.2538325471698113 0.11842105263157894 0.15507075471698112 0.23190789473684212
2 0.30984669811320753 0.18215460526315788 0.1350235849056604 0.35773026315789475
