2 0.7267099056603774 0.6023848684210527 0.2647405660377359 0.3495065789473684
2 0.7160966981132075 0.4239309210526315 0.18101415094339623 0.3445723684210526
2 0.3127948113207547 0.08634868421052631 0.11497641509433965 0.17269736842105263
0 0.4330778301886793 0.02179276315789474 0.08549528301886794 0.04194078947368421
6 0.3738207547169812 0.21258223684210525 0.16037735849056606 0.17845394736842102
5 0.3918042452830189 0.53125 0.21285377358490565 0.16447368421052633
1 0.19752358490566035 0.6644736842105263 0.20283018867924527 0.2203947368421053
2 0.5324292452830188 0.4407894736842105 0.1014150943396227 0.1990131578947369
3 0.5250589622641509 0.6287006578947368 0.2600235849056604 0.19490131578947367
4 0.6500589622641509 0.20518092105263158 0.1291273584905661 0.2639802631578947
3 0.5415683962264151 0.2738486842105263 0.1880896226415094 0.2894736842105263
9 0.7505896226415094 0.1225328947368421 0.10377358490566035 0.24013157894736845
0 0.8122051886792453 0.04975328947368421 0.05129716981132071 0.09292763157894737
0 0.28125 0.9773848684210527 0.05188679245283023 0.04194078947368418
2 0.6300117924528301 0.8733552631578947 0.13620283018867918 0.25
5 0.5144457547169812 0.8240131578947368 0.12558962264150947 0.23519736842105265
5 0.4065448113207547 0.8544407894736843 0.1232311320754717 0.20723684210526316
1 0.16420990566037735 0.962171052631579 0.16686320754716982 0.07236842105263153
0 0.1712853773584906 0.8836348684210527 0.10200471698113209 0.08470394736842102
3 0.8133844339622641 0.9288651315789473 0.1680424528301887 0.1389802631578947
2 0.7989386792452831 0.7845394736842106 0.222877358490566 0.35526315789473684
0 0.21226415094339623 0.07195723684210525 0.12146226415094341 0.14226973684210525
