1 0.7936320754716981 0.039473684210526314 0.21344339622641506 0.07730263157894737
2 0.5810731132075472 0.1829769736842105 0.11851415094339623 0.2738486842105263
0 0.6854363207547169 0.3675986842105263 0.10436320754716977 0.12664473684210525
2 0.6394457547169812 0.6735197368421053 0.12794811320754718 0.4391447368421052
1 0.8263561320754718 0.9337993421052632 0.09021226415094341 0.13075657894736836
2 0.7497051886792453 0.902549342105263 0.09492924528301883 0.19161184210526316
1 0.7045990566037736 0.9424342105263158 0.0742924528301886 0.11019736842105265
0 0.4342570754716981 0.979029605263158 0.08903301886792453 0.04029605263157887
1 0.2841981132075472 0.795641447368421 0.27122641509433965 0.12253289473684215
5 0.5406839622641509 0.5004111842105263 0.1450471698113207 0.2475328947368421
2 0.4607900943396227 0.520970394736842 0.09492924528301888 0.19819078947368418
7 0.2850825471698113 0.4399671052631579 0.06898584905660382 0.07730263157894735
2 0.2983490566037736 0.3614309210526315 0.29009433962264153 0.18174342105263158
1 0.31810141509433965 0.20476973684210525 0.09021226415094336 0.16776315789473684
