2 0.41951650943396224 0.06373355263157894 0.3001179245283019 0.12746710526315788
7 0.16450471698113206 0.9391447368421053 0.10731132075471697 0.12006578947368418
1 0.6403301886792453 0.9140625 0.18632075471698117 0.15378289473684204
2 0.45961084905660377 0.7569901315789473 0.17983490566037735 0.1998355263157895
7 0.3119103773584906 0.7084703947368421 0.16863207547169815 0.234375
2 0.1889740566037736 0.6714638157894737 0.09492924528301888 0.28371710526315796
2 0.5798938679245284 0.7804276315789473 0.11261792452830188 0.2894736842105263
2 0.49233490566037735 0.677220394736842 0.15448113207547165 0.2014802631578948
2 0.6757075471698113 0.10361842105263158 0.10495283018867929 0.16611842105263158
0 0.7128537735849056 0.011101973684210526 0.10023584905660377 0.02055921052631579
