1 0.1733490566037736 0.8984375 0.25 0.15707236842105265
2 0.25471698113207547 0.3980263157894737 0.21462264150943397 0.35361842105263164
6 0.15241745283018868 0.7364309210526316 0.09728773584905659 0.1998355263157895
5 0.6777712264150944 0.553453947368421 0.19398584905660377 0.26973684210526316
5 0.6008254716981132 0.5082236842105263 0.15448113207547165 0.2516447368421053
2 0.7331957547169812 0.3182565789473684 0.15035377358490565 0.2286184210526316
0 0.7903891509433962 0.1751644736842105 0.13030660377358494 0.09210526315789472
0 0.7099056603773585 0.09046052631578948 0.11202830188679247 0.18092105263157895
7 0.5595518867924528 0.1356907894736842 0.16981132075471694 0.2713815789473684
0 0.6155660377358491 0.07072368421052631 0.1214622641509433 0.14144736842105263
