5 0.7815448113207547 0.16776315789473684 0.2694575471698113 0.20065789473684212
7 0.7426297169811321 0.4588815789473684 0.09964622641509435 0.16118421052631582
7 0.6998820754716981 0.8236019736842105 0.2606132075471699 0.21957236842105265
5 0.6830778301886793 0.953125 0.17747641509433965 0.09210526315789469
2 0.5244693396226414 0.9292763157894737 0.11025943396226412 0.13651315789473684
2 0.29038915094339623 0.8544407894736843 0.2965801886792453 0.21381578947368418
7 0.08932783018867925 0.9337993421052632 0.10554245283018868 0.13075657894736836
2 0.6211674528301887 0.6459703947368421 0.1326650943396226 0.3133223684210527
2 0.5934551886792453 0.09745065789473684 0.08903301886792447 0.1899671052631579
2 0.4994103773584906 0.16611842105263158 0.14268867924528306 0.33223684210526316
2 0.36586084905660377 0.2931743421052631 0.17865566037735847 0.4333881578947368
7 0.09817216981132075 0.203125 0.17747641509433962 0.23684210526315785
