6 0.45902122641509435 0.1373355263157895 0.2517688679245283 0.2730263157894737
0 0.263561320754717 0.21217105263157895 0.13089622641509435 0.2319078947368421
5 0.417747641509434 0.45888157894736836 0.14799528301886794 0.3289473684210526
2 0.5283018867924528 0.4798519736842105 0.1273584905660377 0.35608552631578955
9 0.44398584905660377 0.7545230263157895 0.125 0.25575657894736836
1 0.5745872641509434 0.7347861842105263 0.14209905660377364 0.25575657894736836
0 0.3891509433962264 0.989720394736842 0.07547169811320753 0.0172697368421052
2 0.8260613207547169 0.7927631578947368 0.10495283018867918 0.2582236842105263
2 0.9495872641509434 0.9210526315789473 0.07488207547169812 0.1546052631578947
5 0.7429245283018868 0.6311677631578947 0.13089622641509435 0.2623355263157895
9 0.7287735849056605 0.30550986842105265 0.1910377358490566 0.14226973684210525
5 0.7603183962264151 0.2064144736842105 0.1680424528301887 0.15624999999999997
8 0.5666273584905661 0.2668585526315789 0.13915094339622647 0.1800986842105263
0 0.1910377358490566 0.013157894736842105 0.09316037735849056 0.02631578947368421
