2 0.4221698113207547 0.14185855263157895 0.2900943396226416 0.2804276315789474
8 0.6530070754716981 0.520970394736842 0.2765330188679245 0.21299342105263153
0 0.11202830188679244 0.23766447368421054 0.10141509433962263 0.1085526315789474
0 0.1179245283018868 0.3828125 0.18867924528301888 0.22121710526315785
7 0.27358490566037735 0.5550986842105263 0.08844339622641506 0.11513157894736842
5 0.189563679245283 0.6578947368421053 0.13148584905660377 0.2911184210526315
2 0.7199292452830188 0.811266447368421 0.13797169811320753 0.3560855263157895
2 0.8496462264150944 0.9654605263157894 0.13561320754716988 0.06743421052631582
2 0.6132075471698113 0.8844572368421053 0.13797169811320753 0.22779605263157887
4 0.5159198113207547 0.938733552631579 0.1544811320754717 0.11924342105263153
