0 0.7491155660377359 0.9510690789473684 0.13030660377358494 0.09292763157894746
2 0.5577830188679245 0.8408717105263158 0.09905660377358483 0.31332236842105265
2 0.4837853773584906 0.9481907894736842 0.13266509433962265 0.10197368421052633
6 0.42924528301886794 0.805921052631579 0.125 0.35690789473684215
0 0.5244693396226415 0.6143092105263158 0.03832547169811318 0.11677631578947367
1 0.6102594339622642 0.588404605263158 0.15448113207547165 0.27878289473684215
7 0.1577240566037736 0.5904605263157895 0.13030660377358488 0.2713815789473684
8 0.4221698113207547 0.4773848684210526 0.14622641509433965 0.22121710526315785
2 0.507370283018868 0.35690789473684215 0.14563679245283023 0.24506578947368424
2 0.6070165094339622 0.17516447368421054 0.38148584905660377 0.3503289473684211
2 0.39534198113207547 0.18708881578947367 0.07959905660377353 0.13240131578947367
