0 0.9914504716981132 0.31414473684210525 0.01474056603773588 0.07730263157894735
0 0.7818396226415094 0.1517269736842105 0.05660377358490565 0.04358552631578946
2 0.8051297169811321 0.14720394736842107 0.2069575471698113 0.22697368421052633
7 0.7606132075471699 0.33182565789473684 0.152122641509434 0.24753289473684212
0 0.7662146226415094 0.6973684210526316 0.09139150943396224 0.10197368421052622
2 0.7697523584905661 0.9021381578947368 0.09492924528301894 0.1924342105263157
2 0.6279481132075472 0.9407894736842105 0.1639150943396226 0.11677631578947367
2 0.35731132075471694 0.9560032894736842 0.2936320754716981 0.08634868421052633
3 0.3667452830188679 0.709703947368421 0.16391509433962265 0.4358552631578948
2 0.32222877358490565 0.7717927631578947 0.1232311320754717 0.31496710526315785
2 0.11910377358490566 0.7586348684210527 0.055424528301886794 0.12253289473684215
9 0.5716391509433962 0.21175986842105263 0.27653301886792453 0.2787828947368421
5 0.2538325471698113 0.45394736842105265 0.17511792452830185 0.16447368421052633
0 0.2930424528301887 0.3075657894736842 0.058962264150943355 0.07401315789473689
