0 0.3576061320754717 0.983141447368421 0.05011792452830188 0.030427631578947345
2 0.29952830188679247 0.8018092105263158 0.31721698113207547 0.350328947368421
7 0.12382075471698113 0.855674342105263 0.07075471698113209 0.12911184210526316
6 0.21255896226415094 0.9317434210526316 0.1880896226415094 0.13157894736842113
2 0.6359080188679245 0.9091282894736843 0.15507075471698106 0.17680921052631582
2 0.5112028301886793 0.5851151315789473 0.277122641509434 0.2327302631578947
2 0.6606721698113207 0.1747532894736842 0.18101415094339623 0.2722039473684211
7 0.5371462264150944 0.14021381578947367 0.10141509433962265 0.24917763157894735
5 0.43071933962264153 0.3704769736842105 0.20224056603773582 0.2491776315789474
7 0.07635613207547169 0.19736842105263158 0.10554245283018868 0.13157894736842105
2 0.17511792452830188 0.0884046052631579 0.12971698113207547 0.17516447368421054
6 0.6600825471698113 0.171875 0.1798349056603774 0.26644736842105265
7 0.5389150943396226 0.14226973684210525 0.097877358490566 0.24177631578947367
2 0.5114976415094339 0.5851151315789473 0.2729952830188679 0.22779605263157893
0 0.36143867924528306 0.9806743421052632 0.04127358490566041 0.03700657894736836
2 0.29952830188679247 0.7976973684210527 0.3148584905660377 0.3421052631578947
7 0.12765330188679247 0.8573190789473684 0.07841981132075473 0.12746710526315785
6 0.2152122641509434 0.9337993421052632 0.1792452830188679 0.13075657894736836
5 0.43248820754716977 0.36883223684210525 0.19870283018867924 0.24753289473684212
0 0.17482311320754718 0.08922697368421052 0.12441037735849056 0.17516447368421054
