2 0.7358490566037736 0.3137335526315789 0.1639150943396227 0.18832236842105263
6 0.44899764150943394 0.19901315789473686 0.22818396226415094 0.3963815789473684
8 0.5910966981132075 0.11143092105263158 0.11615566037735847 0.22286184210526316
2 0.6662735849056604 0.11842105263157894 0.12382075471698117 0.23519736842105263
1 0.4543042452830188 0.47245065789473684 0.2128537735849056 0.20970394736842102
7 0.4929245283018868 0.6932565789473684 0.12500000000000006 0.17927631578947378
7 0.5132665094339622 0.8182565789473684 0.08785377358490565 0.10197368421052622
2 0.6810141509433962 0.850328947368421 0.3054245283018868 0.2911184210526315
7 0.5798938679245282 0.6661184210526316 0.09610849056603776 0.2582236842105262
0 0.8729363207547169 0.811266447368421 0.08431603773584906 0.18174342105263153
2 0.7231721698113207 0.6356907894736843 0.22110849056603776 0.1595394736842105
