2 0.6373820754716981 0.290296052631579 0.2617924528301887 0.14638157894736842
0 0.08284198113207547 0.3852796052631579 0.08431603773584906 0.109375
7 0.17570754716981132 0.412828947368421 0.12264150943396225 0.19736842105263158
6 0.41155660377358494 0.2652138157894737 0.21344339622641512 0.4136513157894737
2 0.39593160377358494 0.049342105263157895 0.19162735849056606 0.09868421052631579
1 0.5872641509433962 0.09662828947368421 0.28773584905660377 0.19325657894736842
0 0.5589622641509434 0.023026315789473683 0.057783018867924474 0.046052631578947366
0 0.4805424528301887 0.21504934210526316 0.048349056603773644 0.05674342105263158
2 0.33696933962264153 0.6484375 0.08549528301886794 0.31332236842105265
1 0.40153301886792453 0.9058388157894737 0.1757075471698113 0.18667763157894735
2 0.5580778301886793 0.2578125 0.19752358490566035 0.15542763157894735
7 0.4404481132075472 0.6932565789473684 0.1367924528301887 0.16776315789473684
5 0.5433372641509434 0.717516447368421 0.1444575471698113 0.21134868421052633
2 0.455188679245283 0.505345394736842 0.07547169811320753 0.09621710526315785
5 0.5766509433962264 0.548108552631579 0.15919811320754718 0.22286184210526316
8 0.5952240566037736 0.39925986842105265 0.191627358490566 0.13075657894736842
4 0.7314268867924528 0.44777960526315785 0.15860849056603765 0.3215460526315789
2 0.7393867924528301 0.6171875 0.14268867924528295 0.2639802631578947
5 0.8319575471698113 0.5082236842105263 0.097877358490566 0.17763157894736842
2 0.25913915094339623 0.2623355263157895 0.17511792452830188 0.24013157894736842
