5 0.8655660377358491 0.8375822368421053 0.12735849056603765 0.21957236842105254
0 0.1303066037735849 0.06085526315789474 0.14858490566037735 0.11842105263157894
5 0.4566627358490566 0.26480263157894735 0.21049528301886794 0.1677631578947368
7 0.5144457547169812 0.4029605263157895 0.17511792452830194 0.22861842105263164
7 0.13148584905660377 0.46258223684210525 0.15919811320754718 0.2705592105263158
0 0.044811320754716985 0.3795230263157895 0.08844339622641509 0.16200657894736842
2 0.32134433962264153 0.635279605263158 0.2783018867924528 0.3873355263157895
0 0.6087853773584906 0.6287006578947368 0.10672169811320753 0.18503289473684204
8 0.5722287735849056 0.8046875 0.18455188679245288 0.3889802631578947
7 0.3310731132075472 0.9305098684210527 0.13266509433962265 0.13404605263157898
