2 0.18189858490566035 0.7010690789473684 0.15271226415094338 0.2574013157894738
0 0.4970518867924528 0.025904605263157895 0.12146226415094336 0.05016447368421052
0 0.5392099056603774 0.04605263157894737 0.15860849056603776 0.07730263157894737
2 0.2897995283018868 0.2557565789473684 0.15153301886792453 0.11677631578947367
0 0.3452240566037736 0.2606907894736842 0.15860849056603776 0.21217105263157893
2 0.5389150943396227 0.22820723684210525 0.23820754716981135 0.27713815789473684
7 0.33343160377358494 0.9029605263157894 0.15153301886792453 0.19243421052631582
0 0.7243514150943396 0.21134868421052633 0.11733490566037741 0.15953947368421054
0 0.5002948113207547 0.8055098684210527 0.17158018867924535 0.25082236842105265
0 0.6665683962264151 0.9514802631578947 0.09846698113207542 0.0921052631578948
1 0.535377358490566 0.4605263157894737 0.15566037735849053 0.29605263157894735
6 0.6111438679245284 0.5041118421052632 0.11261792452830188 0.2927631578947368
5 0.6630306603773585 0.5263157894736842 0.07959905660377364 0.22203947368421056
5 0.6969339622641509 0.5328947368421053 0.14976415094339623 0.3651315789473684
