2 0.36202830188679247 0.07483552631578948 0.16155660377358488 0.1480263157894737
7 0.6568396226415094 0.03618421052631579 0.14622641509433965 0.06907894736842105
2 0.5840212264150944 0.11924342105263158 0.102004716981132 0.11842105263157894
2 0.5928655660377359 0.256578947368421 0.1362028301886793 0.2631578947368421
0 0.5123820754716981 0.8096217105263158 0.053066037735849 0.08634868421052633
0 0.6910377358490566 0.9033717105263157 0.030660377358490587 0.05180921052631582
2 0.6364976415094339 0.8536184210526316 0.1409198113207547 0.15131578947368418
0 0.7777122641509434 0.9601151315789473 0.133254716981132 0.07648026315789469
2 0.4914504716981132 0.644736842105263 0.09492924528301883 0.11348684210526316
0 0.4360259433962264 0.5785361842105263 0.09728773584905659 0.09292763157894735
0 0.28891509433962265 0.47286184210526316 0.12971698113207544 0.2927631578947368
2 0.2670990566037736 0.14268092105263158 0.08490566037735847 0.11595394736842106
