2 0.47788915094339623 0.3519736842105263 0.11143867924528306 0.2730263157894737
1 0.3198702830188679 0.7101151315789473 0.20224056603773582 0.259046052631579
2 0.7464622641509433 0.8544407894736842 0.21580188679245282 0.2894736842105263
5 0.6966391509433962 0.6554276315789473 0.15625 0.11184210526315785
0 0.3643867924528302 0.09210526315789473 0.1132075471698113 0.1825657894736842
1 0.6656839622641509 0.381578947368421 0.26650943396226423 0.3223684210526316
4 0.232311320754717 0.08552631578947369 0.12853773584905662 0.17105263157894737
2 0.6586084905660377 0.5226151315789473 0.14740566037735847 0.18503289473684215
0 0.7794811320754718 0.03577302631578947 0.09669811320754718 0.06990131578947369
0 0.3054245283018868 0.974095394736842 0.16745283018867924 0.05016447368421051
