2 0.47110849056603776 0.34292763157894735 0.03773584905660382 0.059210526315789436
2 0.5819575471698113 0.38733552631578944 0.19575471698113212 0.30098684210526316
2 0.6863207547169812 0.3877467105263158 0.06839622641509435 0.17680921052631576
0 0.7594339622641509 0.4839638157894737 0.19339622641509435 0.2524671052631579
2 0.5350825471698113 0.05139802631578948 0.12205188679245288 0.09950657894736842
2 0.5672169811320755 0.7117598684210527 0.12382075471698106 0.2738486842105263
2 0.5716391509433962 0.5349506578947368 0.14563679245283018 0.1702302631578947
7 0.49027122641509435 0.8129111842105263 0.17393867924528306 0.21792763157894735
2 0.6497641509433962 0.7561677631578947 0.0778301886792453 0.12746710526315785
2 0.4050707547169811 0.5283717105263157 0.09433962264150941 0.2689144736842105
7 0.28744103773584906 0.376233552631579 0.14327830188679247 0.2179276315789474
