5 0.5448113207547169 0.5842927631578947 0.15566037735849053 0.2705592105263158
0 0.024764150943396228 0.22697368421052633 0.04834905660377359 0.11348684210526316
5 0.8278301886792453 0.3984375 0.10023584905660377 0.3231907894736843
0 0.4616745283018868 0.8285361842105263 0.1816037735849057 0.1685855263157895
5 0.5663325471698113 0.46875 0.12323113207547165 0.26644736842105265
2 0.33254716981132076 0.4317434210526316 0.18160377358490568 0.4013157894736842
3 0.27181603773584906 0.21258223684210528 0.1981132075471698 0.3495065789473684
2 0.6760023584905661 0.3379934210526316 0.13620283018867918 0.25
2 0.6987028301886793 0.5435855263157895 0.16627358490566035 0.46546052631578944
0 0.38856132075471694 0.04029605263157895 0.05778301886792453 0.07730263157894736
2 0.14534198113207547 0.9457236842105263 0.201061320754717 0.10690789473684204
