0 0.8478773584905661 0.34909539473684215 0.02004716981132082 0.05180921052631576
2 0.5669221698113207 0.8811677631578947 0.19280660377358488 0.234375
4 0.19781839622641512 0.24259868421052633 0.20695754716981132 0.30098684210526316
5 0.4033018867924528 0.15953947368421054 0.23466981132075476 0.1595394736842105
5 0.4540094339622641 0.22615131578947367 0.14740566037735853 0.09046052631578946
2 0.4610849056603774 0.3503289473684211 0.16863207547169817 0.2072368421052632
2 0.29215801886792453 0.9033717105263157 0.09375 0.10608552631578949
0 0.3469929245283019 0.971217105263158 0.04775943396226412 0.05592105263157887
0 0.38472877358490565 0.981907894736842 0.05837264150943394 0.0328947368421052
0 0.36556603773584906 0.8022203947368421 0.08608490566037741 0.09457236842105265
0 0.7199292452830188 0.9490131578947368 0.07193396226415094 0.10032894736842102
0 0.3632075471698113 0.02261513157894737 0.06014150943396229 0.04358552631578947
0 0.8086674528301887 0.9716282894736842 0.08313679245283023 0.05509868421052633
2 0.944870283018868 0.9222861842105263 0.07252358490566035 0.15378289473684204
2 0.6550707547169812 0.5830592105263158 0.3183962264150944 0.19572368421052633
0 0.6188089622641509 0.34375 0.12676886792452824 0.20394736842105265
2 0.7408608490566038 0.08100328947368421 0.15625 0.1537828947368421
0 0.47612028301886794 0.020970394736842105 0.05365566037735847 0.04194078947368421
0 0.22847877358490565 0.023026315789473683 0.11497641509433962 0.046052631578947366
