2 0.4970518867924528 0.12870065789473684 0.26297169811320753 0.1981907894736842
6 0.4681603773584906 0.359375 0.2617924528301887 0.29440789473684204
6 0.8107311320754718 0.3959703947368421 0.13561320754716977 0.3001644736842105
5 0.6323702830188679 0.49300986842105265 0.11261792452830188 0.25740131578947373
2 0.4917452830188679 0.5810032894736842 0.28183962264150936 0.2146381578947369
6 0.5860849056603774 0.740953947368421 0.2464622641509434 0.3388157894736842
2 0.7505896226415094 0.7886513157894737 0.17924528301886788 0.23684210526315796
2 0.4610849056603773 0.8038651315789473 0.2558962264150943 0.31496710526315785
7 0.6810141509433962 0.9169407894736842 0.08726415094339623 0.1546052631578947
2 0.7933372641509434 0.9313322368421053 0.2387971698113207 0.13240131578947367
2 0.17806603773584906 0.5386513157894737 0.23113207547169812 0.1858552631578947
7 0.17836084905660377 0.8519736842105263 0.12912735849056606 0.23026315789473684
2 0.12028301886792453 0.35074013157894735 0.2346698113207547 0.2623355263157895
