2 0.16273584905660377 0.16077302631578946 0.1179245283018868 0.27055921052631576
5 0.5079599056603774 0.1821546052631579 0.25058962264150947 0.20641447368421054
0 0.31839622641509435 0.3207236842105263 0.12617924528301888 0.25
5 0.23732311320754718 0.4185855263157895 0.14445754716981132 0.2960526315789474
5 0.5123820754716981 0.49917763157894735 0.12028301886792453 0.2302631578947369
7 0.6108490566037736 0.6578947368421053 0.152122641509434 0.19407894736842113
6 0.6813089622641509 0.5238486842105263 0.1362028301886793 0.14802631578947367
0 0.3584905660377359 0.782483552631579 0.09316037735849053 0.1751644736842105
2 0.5899174528301887 0.8902138157894737 0.07606132075471694 0.1389802631578947
2 0.7765330188679245 0.7623355263157895 0.2110849056603773 0.16447368421052633
