3 0.6875 0.42763157894736836 0.2464622641509433 0.18092105263157893
2 0.5061910377358491 0.7438322368421053 0.14917452830188682 0.140625
2 0.6288325471698113 0.7569901315789473 0.09610849056603776 0.10444078947368418
0 0.5235849056603774 0.5719572368421053 0.2205188679245283 0.1422697368421052
0 0.5462853773584906 0.9629934210526316 0.11143867924528306 0.07236842105263153
0 0.1597877358490566 0.9383223684210527 0.13679245283018868 0.12171052631578949
7 0.07488207547169812 0.7985197368421053 0.14976415094339623 0.24013157894736847
2 0.1559551886792453 0.2767269736842105 0.17511792452830188 0.2212171052631579
7 0.3402122641509434 0.17351973684210528 0.1568396226415094 0.2286184210526316
0 0.4684551886792453 0.012335526315789474 0.19634433962264147 0.024671052631578948
