2 0.7626768867924528 0.11513157894736842 0.07959905660377364 0.18585526315789475
4 0.7075471698113207 0.3832236842105263 0.13561320754716977 0.3042763157894737
3 0.6715801886792453 0.5958059210526316 0.195754716981132 0.2623355263157895
3 0.8525943396226414 0.8638980263157894 0.10377358490566035 0.2705592105263158
0 0.6079009433962265 0.9736842105263157 0.125 0.050986842105263164
2 0.4233490566037736 0.938733552631579 0.19575471698113212 0.11924342105263153
0 0.19162735849056603 0.9399671052631579 0.142688679245283 0.11677631578947367
7 0.28950471698113206 0.6981907894736843 0.0778301886792453 0.12006578947368418
3 0.4295400943396227 0.4625822368421053 0.28832547169811323 0.22615131578947373
5 0.4094929245283019 0.2944078947368421 0.14681603773584906 0.1644736842105263
