2 0.6957547169811321 0.43050986842105265 0.10613207547169812 0.30674342105263164
3 0.6721698113207547 0.9708059210526316 0.20165094339622636 0.055098684210526216
2 0.5465801886792453 0.8667763157894737 0.16509433962264147 0.09375
3 0.4767099056603774 0.9469572368421053 0.25766509433962265 0.10279605263157887
4 0.5200471698113207 0.7672697368421053 0.2252358490566037 0.26644736842105254
0 0.6155660377358491 0.6870888157894737 0.08726415094339623 0.14720394736842102
0 0.31839622641509435 0.8392269736842105 0.17570754716981132 0.12253289473684204
7 0.13590801886792453 0.8441611842105263 0.10672169811320754 0.15049342105263164
7 0.09316037735849057 0.469983552631579 0.1320754716981132 0.11430921052631576
0 0.42865566037735847 0.05962171052631579 0.044811320754717 0.046875
2 0.10200471698113207 0.057154605263157895 0.15448113207547168 0.11430921052631579
