5 0.7532429245283019 0.1977796052631579 0.12794811320754718 0.2606907894736842
0 0.6754127358490567 0.44243421052631576 0.1715801886792453 0.18256578947368418
2 0.7243514150943395 0.722861842105263 0.16568396226415094 0.14473684210526316
1 0.8189858490566038 0.7754934210526316 0.18514150943396235 0.30592105263157887
2 0.5504127358490566 0.6907894736842106 0.20224056603773577 0.1282894736842105
5 0.6303066037735849 0.8470394736842105 0.14976415094339623 0.29934210526315796
2 0.8192806603773585 0.9383223684210527 0.18573113207547176 0.12006578947368418
5 0.4059551886792453 0.8869243421052632 0.15153301886792453 0.22450657894736836
2 0.26356132075471694 0.778782894736842 0.1273584905660377 0.2796052631578948
5 0.6081957547169812 0.23314144736842105 0.16568396226415094 0.2837171052631579
2 0.332252358490566 0.1455592105263158 0.20813679245283018 0.28947368421052627
