1 0.5831367924528301 0.1513157894736842 0.12264150943396224 0.3009868421052631
0 0.6456367924528301 0.23026315789473684 0.06485849056603776 0.10855263157894735
2 0.5120872641509434 0.3466282894736842 0.084316037735849 0.18009868421052627
5 0.6199882075471699 0.5349506578947368 0.13856132075471705 0.3067434210526316
5 0.7219929245283019 0.6426809210526316 0.13974056603773577 0.15871710526315785
2 0.7815448113207547 0.7508223684210527 0.1987028301886793 0.13815789473684215
2 0.7517688679245282 0.8976151315789473 0.14740566037735847 0.1998355263157895
5 0.47965801886792453 0.9132401315789473 0.22818396226415094 0.171875
0 0.23820754716981132 0.9317434210526316 0.11438679245283018 0.10690789473684215
2 0.339622641509434 0.3671875 0.0919811320754717 0.2064144736842105
5 0.2729952830188679 0.14021381578947367 0.17688679245283018 0.25082236842105265
