2 0.6606721698113207 0.7347861842105263 0.23761792452830188 0.20970394736842102
0 0.0852004716981132 0.9506578947368421 0.03714622641509434 0.047697368421052655
7 0.19899764150943397 0.936266447368421 0.07370283018867924 0.12582236842105265
2 0.3455188679245283 0.5801809210526315 0.1875 0.3527960526315789
2 0.5560141509433962 0.5592105263157895 0.17216981132075465 0.2730263157894737
3 0.5966981132075472 0.2993421052631579 0.24174528301886794 0.3125
1 0.466686320754717 0.290296052631579 0.18926886792452835 0.3585526315789474
6 0.33313679245283023 0.15789473684210525 0.08254716981132076 0.23519736842105263
2 0.7326061320754718 0.12582236842105265 0.14681603773584906 0.25
0 0.5536556603773585 0.02919407894736842 0.16745283018867924 0.05838815789473684
0 0.3313679245283019 0.027960526315789474 0.08726415094339623 0.05427631578947368
