0 0.6303066037735849 0.4514802631578947 0.22051886792452835 0.13486842105263158
2 0.837558962264151 0.9761513157894737 0.20931603773584906 0.044407894736842035
2 0.4080188679245283 0.5970394736842105 0.1403301886792453 0.14802631578947367
2 0.5557193396226414 0.5600328947368421 0.11025943396226412 0.14802631578947373
2 0.5044221698113207 0.6233552631578947 0.11025943396226412 0.19407894736842113
2 0.42010613207547176 0.46175986842105265 0.18219339622641512 0.22450657894736842
5 0.6002358490566038 0.8766447368421053 0.08962264150943389 0.24342105263157887
5 0.4988207547169812 0.8495065789473684 0.1191037735849057 0.29440789473684215
7 0.4581367924528302 0.2232730263157895 0.22405660377358483 0.17187500000000003
6 0.3440448113207547 0.34375 0.18455188679245282 0.13486842105263153
2 0.3446344339622641 0.04646381578947368 0.11497641509433959 0.08634868421052631
6 0.5138561320754716 0.0912828947368421 0.23054245283018865 0.1825657894736842
2 0.7561910377358491 0.5341282894736842 0.17511792452830188 0.303453947368421
