3 0.5922759433962265 0.0727796052631579 0.21875000000000006 0.1455592105263158
0 0.49027122641509435 0.8967927631578947 0.06780660377358494 0.08963815789473684
2 0.3452240566037736 0.8741776315789473 0.2081367924528302 0.2483552631578947
0 0.5760613207547169 0.9782072368421053 0.03655660377358494 0.035361842105263164
2 0.7476415094339622 0.9490131578947368 0.12617924528301883 0.09375
3 0.6866155660377358 0.2676809210526316 0.24115566037735847 0.18503289473684212
1 0.6468160377358491 0.4827302631578947 0.16509433962264142 0.2680921052631579
2 0.4204009433962264 0.6722861842105263 0.222877358490566 0.28042763157894735
2 0.4271816037735849 0.4745065789473684 0.21049528301886788 0.13815789473684215
2 0.2897995283018868 0.30386513157894735 0.27299528301886794 0.2162828947368421
2 0.4251179245283019 0.07853618421052631 0.12264150943396224 0.15871710526315788
