2 0.7945165094339623 0.927220394736842 0.07252358490566035 0.1439144736842105
5 0.5274174528301887 0.721217105263158 0.19988207547169812 0.1842105263157895
7 0.3402122641509434 0.3799342105263158 0.0955188679245283 0.11842105263157893
0 0.13797169811320753 0.30098684210526316 0.22169811320754715 0.23519736842105265
0 0.09375 0.19901315789473684 0.1875 0.16940789473684212
0 0.07370283018867925 0.959703947368421 0.06014150943396227 0.07894736842105265
5 0.1789504716981132 0.7166940789473684 0.1420990566037736 0.2738486842105262
7 0.30984669811320753 0.8499177631578947 0.1303066037735849 0.16036184210526316
2 0.3599646226415094 0.6751644736842105 0.1409198113207547 0.2796052631578947
5 0.7296580188679245 0.7874177631578947 0.20813679245283023 0.19161184210526316
7 0.5038325471698113 0.454358552631579 0.11733490566037735 0.11759868421052638
2 0.5737028301886793 0.4987664473684211 0.12382075471698106 0.10608552631578949
9 0.625 0.4469572368421053 0.16863207547169812 0.17187500000000006
1 0.7361438679245284 0.42434210526315785 0.24351415094339623 0.17927631578947362
0 0.6662735849056604 0.30386513157894735 0.037735849056603765 0.058388157894736836
8 0.3490566037735849 0.20518092105263158 0.125 0.234375
