0 0.7202240566037736 0.02055921052631579 0.10318396226415094 0.04111842105263158
2 0.6547759433962264 0.4395559210526316 0.22936320754716977 0.22450657894736847
0 0.8254716981132075 0.9580592105263157 0.07900943396226412 0.08223684210526316
2 0.9422169811320755 0.9185855263157895 0.0742924528301886 0.1578947368421053
7 0.4997051886792453 0.7236842105263157 0.15742924528301888 0.20723684210526316
2 0.2329009433962264 0.7927631578947368 0.17452830188679247 0.23519736842105265
5 0.27505896226415094 0.35649671052631576 0.14209905660377362 0.31496710526315785
1 0.3903301886792453 0.3815789473684211 0.13561320754716982 0.3421052631578948
5 0.5170990566037736 0.24629934210526316 0.21698113207547165 0.16529605263157898
5 0.6633254716981132 0.1821546052631579 0.12617924528301883 0.31332236842105265
7 0.4569575471698113 0.11595394736842105 0.20047169811320753 0.23026315789473684
2 0.33461084905660377 0.08141447368421052 0.11143867924528306 0.15953947368421054
0 0.1474056603773585 0.016036184210526317 0.12971698113207547 0.028782894736842105
