0 0.6656839622641509 0.38980263157894735 0.179245283018868 0.24342105263157893
0 0.386497641509434 0.9498355263157895 0.09610849056603771 0.09210526315789469
2 0.43573113207547165 0.953125 0.10141509433962265 0.08881578947368429
6 0.3920990566037736 0.864720394736842 0.13207547169811318 0.15378289473684215
0 0.16627358490566038 0.3692434210526316 0.10023584905660378 0.10032894736842102
3 0.47612028301886794 0.10032894736842105 0.1597877358490566 0.19901315789473684
2 0.5227004716981132 0.47738486842105265 0.120872641509434 0.29358552631578944
0 0.8237028301886793 0.5139802631578947 0.10259433962264153 0.33223684210526316
0 0.6857311320754716 0.897203947368421 0.13089622641509435 0.19572368421052633
3 0.31839622641509435 0.6726973684210527 0.22169811320754718 0.20723684210526316
7 0.2632665094339623 0.8745888157894737 0.15978773584905662 0.2327302631578947
2 0.3133844339622641 0.23231907894736842 0.14563679245283018 0.19819078947368418
