9 0.31839622641509435 0.04481907894736842 0.12264150943396224 0.08963815789473684
0 0.27358490566037735 0.2701480263157895 0.10613207547169812 0.12253289473684209
2 0.32252358490566035 0.751233552631579 0.0919811320754717 0.28207236842105265
2 0.08195754716981132 0.6759868421052632 0.142688679245283 0.17763157894736836
5 0.4669811320754717 0.24958881578947367 0.097877358490566 0.234375
2 0.3764740566037736 0.3692434210526316 0.11261792452830188 0.12006578947368418
0 0.35347877358490565 0.344983552631579 0.09492924528301888 0.11924342105263158
5 0.7980542452830188 0.8680098684210527 0.20459905660377353 0.2606907894736842
0 0.8242924528301887 0.08470394736842105 0.08608490566037741 0.16611842105263158
2 0.6382665094339623 0.0805921052631579 0.18455188679245282 0.1611842105263158
2 0.5079599056603774 0.018914473684210526 0.10082547169811323 0.036184210526315784
2 0.3449292452830189 0.983141447368421 0.11910377358490565 0.032072368421052655
