0 0.5775353773584906 0.49300986842105265 0.08431603773584906 0.13075657894736842
2 0.6653891509433962 0.6200657894736842 0.15507075471698117 0.16282894736842102
2 0.4492924528301887 0.897203947368421 0.11320754716981135 0.0953947368421052
2 0.42334905660377353 0.8133223684210527 0.23702830188679241 0.13815789473684215
7 0.06220518867924529 0.875 0.08313679245283019 0.09703947368421062
7 0.27564858490566035 0.8305921052631579 0.15860849056603774 0.19572368421052633
7 0.3357900943396226 0.5448190789473684 0.15153301886792453 0.18009868421052627
3 0.522995283018868 0.2886513157894737 0.24056603773584906 0.2582236842105263
2 0.5321344339622642 0.15049342105263158 0.22110849056603776 0.17105263157894735
2 0.5728183962264151 0.07195723684210527 0.20577830188679241 0.12253289473684212
0 0.15005896226415094 0.3071546052631579 0.09846698113207547 0.17516447368421054
0 0.21432783018867924 0.013980263157894737 0.04068396226415094 0.026315789473684213
