5 0.7765330188679245 0.3733552631578947 0.23231132075471705 0.22039473684210525
2 0.7140330188679245 0.7952302631578947 0.30306603773584906 0.29276315789473684
7 0.5088443396226415 0.8071546052631579 0.12617924528301888 0.203125
0 0.3092570754716981 0.8573190789473684 0.15742924528301885 0.15049342105263153
7 0.20636792452830188 0.9292763157894737 0.1757075471698113 0.13980263157894735
2 0.22877358490566035 0.7183388157894737 0.31839622641509435 0.1669407894736843
5 0.6777712264150944 0.48807565789473684 0.16214622641509435 0.18667763157894735
5 0.4522405660377358 0.3737664473684211 0.12971698113207542 0.31003289473684215
0 0.24498820754716982 0.27878289473684215 0.12558962264150944 0.18585526315789475
2 0.28950471698113206 0.04769736842105263 0.08018867924528303 0.09375
