0 0.8679245283018868 0.9313322368421053 0.10141509433962259 0.13569078947368418
7 0.7060731132075471 0.8865131578947368 0.2659198113207547 0.22532894736842102
2 0.30277122641509435 0.9407894736842105 0.15035377358490568 0.11513157894736836
2 0.18307783018867924 0.9058388157894737 0.22818396226415094 0.18174342105263164
0 0.5454009433962264 0.8244243421052632 0.10259433962264153 0.28371710526315796
2 0.578125 0.5863486842105263 0.21049528301886794 0.32894736842105265
0 0.5701650943396226 0.35690789473684215 0.1933962264150943 0.16118421052631576
2 0.3758844339622641 0.5600328947368421 0.21403301886792453 0.1710526315789474
0 0.09964622641509434 0.6032072368421053 0.14622641509433962 0.18667763157894746
7 0.6524174528301887 0.05674342105263158 0.1680424528301887 0.10855263157894737
2 0.379127358490566 0.03453947368421053 0.1898584905660377 0.06578947368421052
2 0.47140330188679247 0.20682565789473684 0.23879716981132076 0.2689144736842105
