0 0.8747051886792452 0.3955592105263158 0.04068396226415094 0.060855263157894746
0 0.6704009433962264 0.4971217105263158 0.035377358490566 0.03700657894736842
5 0.6886792452830188 0.19120065789473684 0.17806603773584906 0.3363486842105263
0 0.6842570754716981 0.6780427631578947 0.1527122641509433 0.2327302631578948
0 0.42688679245283023 0.962171052631579 0.2747641509433963 0.07236842105263153
2 0.5306603773584906 0.8573190789473684 0.294811320754717 0.17845394736842113
2 0.386497641509434 0.7450657894736843 0.2588443396226415 0.3174342105263158
2 0.5710495283018868 0.6167763157894737 0.12676886792452835 0.11019736842105265
2 0.49174528301886794 0.44161184210526316 0.12028301886792458 0.17105263157894735
0 0.25560141509433965 0.421875 0.1267688679245283 0.1891447368421053
0 0.36704009433962265 0.36430921052631576 0.24233490566037733 0.4720394736842105
3 0.4068396226415094 0.20230263157894737 0.2570754716981132 0.3190789473684211
