2 0.667747641509434 0.11677631578947369 0.2069575471698113 0.12006578947368421
0 0.33048349056603776 0.908717105263158 0.057193396226415116 0.06743421052631582
0 0.34581367924528306 0.36883223684210525 0.14445754716981135 0.2425986842105263
0 0.3696933962264151 0.44120065789473684 0.0625 0.06990131578947367
0 0.3142688679245283 0.9510690789473684 0.15448113207547173 0.09457236842105254
2 0.5023584905660377 0.9407894736842105 0.15448113207547165 0.11677631578947367
2 0.3122051886792453 0.821546052631579 0.32134433962264153 0.19901315789473684
2 0.4375 0.719983552631579 0.19811320754716982 0.13569078947368418
6 0.6715801886792453 0.22738486842105263 0.2606132075471699 0.27384868421052627
0 0.3039504716981132 0.604029605263158 0.13974056603773582 0.1702302631578948
0 0.39681603773584906 0.6225328947368421 0.04599056603773588 0.05427631578947367
6 0.5524764150943396 0.645970394736842 0.15448113207547176 0.2557565789473685
2 0.16420990566037735 0.5649671052631579 0.23761792452830188 0.35197368421052627
2 0.5070754716981132 0.2549342105263158 0.11674528301886794 0.30756578947368424
5 0.310436320754717 0.12212171052631579 0.18808962264150944 0.21299342105263158
