6 0.7246462264150944 0.049342105263157895 0.13797169811320753 0.09703947368421054
2 0.7538325471698113 0.6903782894736843 0.09375 0.2754934210526315
2 0.5327240566037735 0.9342105263157894 0.13620283018867924 0.1282894736842105
2 0.45902122641509435 0.8231907894736842 0.1987028301886793 0.16447368421052633
5 0.22494103773584906 0.78125 0.19634433962264153 0.2483552631578947
2 0.5168042452830188 0.6377467105263157 0.2482311320754717 0.18338815789473684
2 0.6185141509433962 0.37129934210526316 0.18867924528301883 0.2689144736842106
1 0.5760613207547169 0.16324013157894737 0.19221698113207547 0.23108552631578946
0 0.48201650943396224 0.06825657894736842 0.1621462264150943 0.13486842105263158
5 0.2685731132075472 0.3248355263157895 0.14445754716981132 0.21875000000000003
0 0.32134433962264153 0.032072368421052634 0.13089622641509435 0.06414473684210527
