0 0.6606721698113207 0.19613486842105263 0.058372641509434 0.1258223684210526
0 0.6420990566037736 0.03947368421052632 0.047169811320754707 0.0756578947368421
2 0.7225825471698113 0.12705592105263158 0.13738207547169812 0.25246710526315785
2 0.8449292452830188 0.03536184210526316 0.09316037735849059 0.07072368421052631
2 0.8225235849056604 0.12335526315789475 0.15448113207547176 0.23026315789473684
2 0.3897405660377359 0.5472861842105263 0.23938679245283018 0.2574013157894737
0 0.555129716981132 0.3626644736842105 0.0701650943396227 0.06743421052631576
5 0.5678066037735849 0.27878289473684215 0.21580188679245282 0.18256578947368424
9 0.3310731132075472 0.05838815789473684 0.066627358490566 0.11677631578947369
2 0.40153301886792453 0.2084703947368421 0.1367924528301887 0.2393092105263158
7 0.2045990566037736 0.20435855263157895 0.14740566037735847 0.1866776315789474
