5 0.6839622641509433 0.1282894736842105 0.18514150943396224 0.24999999999999997
2 0.4637382075471698 0.944078947368421 0.23290094339622647 0.10855263157894735
0 0.5492334905660377 0.6570723684210527 0.08431603773584906 0.1546052631578947
7 0.5283018867924528 0.765625 0.061320754716981174 0.11348684210526305
1 0.3956367924528302 0.6899671052631579 0.2110849056603773 0.26644736842105265
2 0.36939858490566035 0.42475328947368424 0.19870283018867924 0.3626644736842105
0 0.4890919811320755 0.0234375 0.044221698113207586 0.04358552631578948
0 0.41568396226415094 0.08141447368421052 0.16273584905660377 0.1513157894736842
2 0.29422169811320753 0.1196546052631579 0.08490566037735847 0.2294407894736842
3 0.20725235849056606 0.043996710526315784 0.1479952830188679 0.08634868421052631
5 0.14327830188679244 0.13404605263157895 0.21108490566037735 0.1611842105263158
