2 0.8116155660377358 0.057154605263157895 0.05365566037735847 0.11266447368421054
0 0.1196933962264151 0.2162828947368421 0.1474056603773585 0.18421052631578946
0 0.2514740566037736 0.266858552631579 0.11615566037735847 0.09621710526315791
0 0.25648584905660377 0.32113486842105265 0.0672169811320755 0.11430921052631576
1 0.37293632075471694 0.266858552631579 0.11969339622641512 0.1866776315789474
2 0.5657429245283019 0.2557565789473684 0.15742924528301883 0.3667763157894737
0 0.13472877358490565 0.6311677631578947 0.10672169811320756 0.12911184210526316
2 0.41273584905660377 0.7294407894736842 0.21108490566037735 0.13980263157894735
2 0.4133254716981132 0.8511513157894737 0.11792452830188677 0.14309210526315796
2 0.4690448113207547 0.9013157894736842 0.10908018867924535 0.19407894736842102
2 0.5607311320754716 0.8211348684210527 0.11910377358490565 0.19325657894736836
1 0.5993514150943396 0.8564967105263158 0.15507075471698117 0.28207236842105265
2 0.7458726415094339 0.7919407894736842 0.22051886792452835 0.22532894736842102
2 0.7225825471698113 0.9259868421052632 0.1762971698113207 0.10690789473684204
0 0.6830778301886793 0.969983552631579 0.06308962264150952 0.056743421052631526
5 0.8608490566037736 0.6488486842105263 0.13561320754716977 0.29440789473684204
3 0.8537735849056604 0.2833059210526316 0.14386792452830188 0.3264802631578947
0 0.7034198113207548 0.3326480263157895 0.1839622641509434 0.24917763157894737
8 0.6836674528301887 0.21175986842105263 0.09728773584905659 0.15049342105263158
5 0.7278891509433962 0.1282894736842105 0.20931603773584906 0.17269736842105263
5 0.5050117924528301 0.08388157894736842 0.18455188679245282 0.16611842105263158
0 0.5769457547169812 0.014391447368421052 0.043042452830188704 0.027138157894736843
0 0.6668632075471698 0.01069078947368421 0.0625 0.01973684210526316
2 0.2505896226415094 0.10773026315789473 0.16391509433962265 0.21546052631578946
