8 0.648879716981132 0.9173519736842105 0.11615566037735847 0.15707236842105265
5 0.5651533018867925 0.858141447368421 0.1680424528301887 0.27878289473684215
5 0.6055424528301887 0.6377467105263157 0.16627358490566035 0.17680921052631582
5 0.4065448113207547 0.6500822368421053 0.19398584905660377 0.37088815789473684
5 0.24321933962264153 0.44695723684210525 0.21639150943396226 0.1439144736842105
2 0.3985849056603774 0.3729440789473684 0.25707547169811323 0.32154605263157887
7 0.5288915094339622 0.28536184210526316 0.10613207547169806 0.1825657894736842
7 0.0745872641509434 0.2824835526315789 0.1491745283018868 0.19983552631578946
9 0.44369103773584906 0.060032894736842105 0.22936320754716982 0.11348684210526316
2 0.7977594339622642 0.47820723684210525 0.17688679245283023 0.22121710526315785
